GEL1 GEL1 in Hellma 4mm TFS 37C
GEL1 Wed  fqt   vs   t/ns  1111001

parameter
q          0.3768662E-01
q_var      0.6087571E-03
q_unit_SI  0.1000000E+11
t_unit_SI  0.1000000E-08
temp       0.3037480E+03
numor1       11110
ref1         10770
bgr1         11123
withbgr          1
tfac_bgr  -0.1000000E+01
volfrac    0.7200000E+00
qbins           11
tbins           22
oor_cnt       4660
upd_cnt      44643

values
        tau/ns    S(q,t)/S(q)    err(sqt/sq)    var(sqt/sq)    var(tau)/ns   nupdates   Qeff/A**-1  
  0.3547683E-01  0.1005046E+01  0.9084539E-02  0.4788728E-01  0.4004278E-02        24  0.3791510E-01
  0.5097010E-01  0.1004155E+01  0.4261292E-02  0.3658348E-01  0.3175715E-02        52  0.3644614E-01
  0.9063732E-01  0.1002095E+01  0.3699292E-02  0.4468680E-01  0.1307236E-01       116  0.3683143E-01
  0.1363148E+00  0.1014947E+01  0.4721667E-02  0.3759802E-01  0.1494781E-01        92  0.3760787E-01
  0.1627572E+00  0.9893426E+00  0.5564426E-02  0.5884440E-01  0.1097146E-01       112  0.3828358E-01
  0.2152947E+00  0.9916848E+00  0.3362466E-02  0.3930090E-01  0.1972171E-01       136  0.3695052E-01
  0.3057036E+00  0.9893027E+00  0.5154084E-02  0.5421528E-01  0.3442481E-01       136  0.3793751E-01
  0.4416315E+00  0.9921098E+00  0.3271452E-02  0.4664639E-01  0.5057456E-01       160  0.3698544E-01
  0.6839661E+00  0.9934816E+00  0.5297519E-02  0.5339422E-01  0.6524249E-01       110  0.3779614E-01
  0.8742362E+00  0.9794718E+00  0.3351913E-02  0.5107289E-01  0.7917444E-01       118  0.3684750E-01
  0.1400469E+01  0.9850969E+00  0.3327406E-02  0.5122679E-01  0.1317934E+00       176  0.3707203E-01
  0.1901055E+01  0.9811890E+00  0.4270997E-02  0.5148343E-01  0.1791716E+00       112  0.3750623E-01
  0.2840409E+01  0.9711553E+00  0.3652283E-02  0.4565480E-01  0.2387413E+00       146  0.3730981E-01
  0.4357283E+01  0.9657071E+00  0.3087750E-02  0.4854292E-01  0.6223224E+00       242  0.3768945E-01
  0.6845604E+01  0.9547281E+00  0.4159378E-02  0.5729946E-01  0.1067271E+01       192  0.3802972E-01
  0.1126486E+02  0.9411771E+00  0.4458685E-02  0.5745571E-01  0.1128184E+01       168  0.3857510E-01
  0.1699502E+02  0.9162089E+00  0.4136908E-02  0.7006277E-01  0.1798331E+01       316  0.3875256E-01
  0.2548198E+02  0.9166376E+00  0.4430635E-02  0.7074684E-01  0.2725226E+01       293  0.3810368E-01
  0.3424916E+02  0.8939964E+00  0.5665860E-02  0.9175800E-01  0.2495706E+01       302  0.3831768E-01
  0.4684395E+02  0.8707957E+00  0.5399689E-02  0.1039929E+00  0.5576684E+01       407  0.3805797E-01
  0.6921348E+02  0.8232482E+00  0.8234480E-02  0.1406524E+00  0.6685753E+01       303  0.3782965E-01
  0.9690525E+02  0.7568646E+00  0.2374543E-01  0.2210272E+00  0.7251515E+01       122  0.3826046E-01

#nxt
GEL1 GEL1 in Hellma 4mm TFS 37C
GEL1 Wed  fqt   vs   t/ns  1111002

parameter
q          0.5003890E-01
q_var      0.2939533E-03
q_unit_SI  0.1000000E+11
t_unit_SI  0.1000000E-08
temp       0.3037480E+03
numor1       11110
ref1         10770
bgr1         11123
withbgr          1
tfac_bgr  -0.1000000E+01
volfrac    0.7200000E+00
qbins           11
tbins           22
oor_cnt       4660
upd_cnt      44643

values
        tau/ns    S(q,t)/S(q)    err(sqt/sq)    var(sqt/sq)    var(tau)/ns   nupdates   Qeff/A**-1  
  0.3416778E-01  0.1004125E+01  0.9797106E-02  0.5830505E-01  0.4064765E-02        36  0.4970805E-01
  0.5135755E-01  0.1021850E+01  0.4812525E-02  0.4773176E-01  0.3646134E-02        64  0.5045381E-01
  0.8899313E-01  0.1009050E+01  0.4087740E-02  0.5157499E-01  0.1387480E-01       120  0.5044893E-01
  0.1344727E+00  0.1007799E+01  0.5217113E-02  0.4817675E-01  0.1436579E-01        86  0.4980435E-01
  0.1619706E+00  0.9856902E+00  0.6413923E-02  0.5174607E-01  0.1000383E-01        84  0.5003616E-01
  0.2145003E+00  0.9902180E+00  0.3846602E-02  0.4250047E-01  0.1978765E-01       118  0.5010674E-01
  0.2997331E+00  0.9858016E+00  0.5613005E-02  0.6190263E-01  0.3564636E-01       114  0.5002441E-01
  0.4405335E+00  0.9855620E+00  0.3634771E-02  0.4934356E-01  0.4896481E-01       146  0.5016243E-01
  0.6814821E+00  0.9806256E+00  0.5966574E-02  0.5477402E-01  0.6622684E-01        96  0.5025131E-01
  0.8766337E+00  0.9879522E+00  0.3747731E-02  0.5007328E-01  0.7972303E-01       108  0.5018124E-01
  0.1404774E+01  0.9814854E+00  0.3787800E-02  0.4506338E-01  0.1272923E+00       144  0.5039823E-01
  0.1887529E+01  0.9875677E+00  0.4874254E-02  0.5082123E-01  0.1646766E+00       104  0.4976207E-01
  0.2831513E+01  0.9635652E+00  0.3993240E-02  0.4768531E-01  0.2534391E+00       134  0.5050365E-01
  0.4382241E+01  0.9553487E+00  0.3389999E-02  0.5071069E-01  0.6139125E+00       198  0.5032097E-01
  0.6870284E+01  0.9418229E+00  0.4354152E-02  0.5648641E-01  0.1088899E+01       176  0.4972820E-01
  0.1113467E+02  0.9120691E+00  0.4206332E-02  0.4997059E-01  0.1145710E+01       150  0.5019689E-01
  0.1716876E+02  0.8911400E+00  0.3737654E-02  0.6415694E-01  0.1956859E+01       278  0.5013095E-01
  0.2585089E+02  0.8610881E+00  0.4027114E-02  0.6961204E-01  0.2700297E+01       307  0.4970031E-01
  0.3428732E+02  0.8288683E+00  0.5147294E-02  0.8842485E-01  0.2544066E+01       351  0.4998532E-01
  0.4687518E+02  0.7932385E+00  0.5022296E-02  0.1034328E+00  0.5675894E+01       484  0.4968830E-01
  0.6916749E+02  0.7487085E+00  0.7854048E-02  0.1276103E+00  0.6504563E+01       342  0.4939985E-01
  0.9780253E+02  0.6737685E+00  0.2761383E-01  0.2509698E+00  0.7636355E+01       116  0.4986373E-01

#nxt
GEL1 GEL1 in Hellma 4mm TFS 37C
GEL1 Wed  fqt   vs   t/ns  1111003

parameter
q          0.6001992E-01
q_var      0.2927595E-03
q_unit_SI  0.1000000E+11
t_unit_SI  0.1000000E-08
temp       0.3037480E+03
numor1       11110
ref1         10770
bgr1         11123
withbgr          1
tfac_bgr  -0.1000000E+01
volfrac    0.7200000E+00
qbins           11
tbins           22
oor_cnt       4660
upd_cnt      44643

values
        tau/ns    S(q,t)/S(q)    err(sqt/sq)    var(sqt/sq)    var(tau)/ns   nupdates   Qeff/A**-1  
  0.3572836E-01  0.9899943E+00  0.8521248E-02  0.6742158E-01  0.3946690E-02        44  0.6067050E-01
  0.5105732E-01  0.1008209E+01  0.4399796E-02  0.4092492E-01  0.3169171E-02        76  0.5957928E-01
  0.8852232E-01  0.9957928E+00  0.3578704E-02  0.5565308E-01  0.1410270E-01       178  0.5982028E-01
  0.1296798E+00  0.1001376E+01  0.5858015E-02  0.5319831E-01  0.1342098E-01        96  0.5997894E-01
  0.1599474E+00  0.9771019E+00  0.6071332E-02  0.6673735E-01  0.8498906E-02       116  0.5999693E-01
  0.2088153E+00  0.9975848E+00  0.4077902E-02  0.4384551E-01  0.1783702E-01       122  0.5949036E-01
  0.2961207E+00  0.9736763E+00  0.5223073E-02  0.6637237E-01  0.3483583E-01       156  0.6016610E-01
  0.4308840E+00  0.9872406E+00  0.3762886E-02  0.5581594E-01  0.4567214E-01       170  0.5969096E-01
  0.6757068E+00  0.9727133E+00  0.5418900E-02  0.6665622E-01  0.6851768E-01       126  0.6010476E-01
  0.8616251E+00  0.9856474E+00  0.3770983E-02  0.4711419E-01  0.7992710E-01       130  0.5979807E-01
  0.1402870E+01  0.9830178E+00  0.3591661E-02  0.4830966E-01  0.1295815E+00       182  0.5971082E-01
  0.1935642E+01  0.9722108E+00  0.5196224E-02  0.5389238E-01  0.1993180E+00       128  0.5996212E-01
  0.2837469E+01  0.9629979E+00  0.3840020E-02  0.4476561E-01  0.2529135E+00       156  0.5982074E-01
  0.4463057E+01  0.9400871E+00  0.3493122E-02  0.6085232E-01  0.5704577E+00       252  0.5993218E-01
  0.7098078E+01  0.9167004E+00  0.4767182E-02  0.6667342E-01  0.1121020E+01       207  0.5980536E-01
  0.1090564E+02  0.8960456E+00  0.4661447E-02  0.6621995E-01  0.1204299E+01       188  0.6018386E-01
  0.1689541E+02  0.8515868E+00  0.4063546E-02  0.7108869E-01  0.2067308E+01       333  0.6017625E-01
  0.2559841E+02  0.8127717E+00  0.4936845E-02  0.8822262E-01  0.2464410E+01       331  0.6009700E-01
  0.3408712E+02  0.7734292E+00  0.5780374E-02  0.1096391E+00  0.2878564E+01       449  0.6035694E-01
  0.4682113E+02  0.7216979E+00  0.6095021E-02  0.1286872E+00  0.5504410E+01       603  0.6020628E-01
  0.6891362E+02  0.6323716E+00  0.9527287E-02  0.1510004E+00  0.6788855E+01       456  0.6044172E-01
  0.9732311E+02  0.5426105E+00  0.2454312E-01  0.2367000E+00  0.7497378E+01       182  0.6044874E-01

#nxt
GEL1 GEL1 in Hellma 4mm TFS 37C
GEL1 Wed  fqt   vs   t/ns  1111004

parameter
q          0.7051480E-01
q_var      0.3194287E-03
q_unit_SI  0.1000000E+11
t_unit_SI  0.1000000E-08
temp       0.3037480E+03
numor1       11110
ref1         10770
bgr1         11123
withbgr          1
tfac_bgr  -0.1000000E+01
volfrac    0.7200000E+00
qbins           11
tbins           22
oor_cnt       4660
upd_cnt      44643

values
        tau/ns    S(q,t)/S(q)    err(sqt/sq)    var(sqt/sq)    var(tau)/ns   nupdates   Qeff/A**-1  
  0.3482254E-01  0.1010341E+01  0.7932475E-02  0.7653920E-01  0.4087639E-02        68  0.7066830E-01
  0.5131621E-01  0.1020992E+01  0.3906924E-02  0.4717898E-01  0.3400191E-02       112  0.7029979E-01
  0.8991173E-01  0.1003810E+01  0.3341007E-02  0.5344619E-01  0.1336767E-01       230  0.7064526E-01
  0.1237714E+00  0.9840913E+00  0.7054341E-02  0.7154706E-01  0.7185500E-02       100  0.7061583E-01
  0.1575271E+00  0.9805612E+00  0.6386254E-02  0.6598497E-01  0.4607445E-02       118  0.7084173E-01
  0.2041782E+00  0.9935397E+00  0.3924540E-02  0.4381846E-01  0.1423895E-01       132  0.7015013E-01
  0.2942172E+00  0.9809086E+00  0.5406203E-02  0.6387570E-01  0.3176492E-01       158  0.7117490E-01
  0.4196383E+00  0.9818339E+00  0.3656097E-02  0.5000913E-01  0.4000948E-01       176  0.7043904E-01
  0.6735688E+00  0.9745374E+00  0.5414863E-02  0.6270333E-01  0.7096917E-01       154  0.7053437E-01
  0.8452803E+00  0.9819984E+00  0.3787587E-02  0.3978411E-01  0.7377707E-01       134  0.7071874E-01
  0.1414304E+01  0.9721972E+00  0.3337709E-02  0.4637025E-01  0.1250948E+00       208  0.7044853E-01
  0.1988011E+01  0.9668007E+00  0.5921615E-02  0.6249602E-01  0.2196921E+00       122  0.7103087E-01
  0.2851810E+01  0.9452044E+00  0.3460940E-02  0.5423358E-01  0.2496865E+00       196  0.7030392E-01
  0.4629648E+01  0.9348528E+00  0.3430281E-02  0.6343398E-01  0.4942160E+00       262  0.7056106E-01
  0.7312013E+01  0.8989066E+00  0.5300036E-02  0.8156984E-01  0.9910782E+00       217  0.7095004E-01
  0.1044886E+02  0.8667308E+00  0.4437092E-02  0.5969159E-01  0.9674096E+00       212  0.7044317E-01
  0.1685526E+02  0.8166287E+00  0.3757288E-02  0.7708450E-01  0.2210870E+01       389  0.7060690E-01
  0.2587777E+02  0.7534619E+00  0.4612086E-02  0.8333069E-01  0.2584473E+01       389  0.7034461E-01
  0.3391438E+02  0.7129466E+00  0.5004755E-02  0.1130913E+00  0.2870436E+01       587  0.7056015E-01
  0.4695257E+02  0.6470267E+00  0.5121542E-02  0.1280719E+00  0.5847692E+01       753  0.7016199E-01
  0.6947266E+02  0.5445463E+00  0.8122138E-02  0.1628361E+00  0.6352144E+01       513  0.6980226E-01
  0.9728013E+02  0.5059207E+00  0.3616770E-01  0.3199023E+00  0.7418883E+01       167  0.7002404E-01

#nxt
GEL1 GEL1 in Hellma 4mm TFS 37C
GEL1 Wed  fqt   vs   t/ns  1111005

parameter
q          0.8110767E-01
q_var      0.2936365E-03
q_unit_SI  0.1000000E+11
t_unit_SI  0.1000000E-08
temp       0.3037480E+03
numor1       11110
ref1         10770
bgr1         11123
withbgr          1
tfac_bgr  -0.1000000E+01
volfrac    0.7200000E+00
qbins           11
tbins           22
oor_cnt       4660
upd_cnt      44643

values
        tau/ns    S(q,t)/S(q)    err(sqt/sq)    var(sqt/sq)    var(tau)/ns   nupdates   Qeff/A**-1  
  0.3457447E-01  0.1008939E+01  0.8904292E-02  0.8480614E-01  0.4091081E-02        66  0.8166145E-01
  0.5110121E-01  0.1020263E+01  0.4289407E-02  0.4995731E-01  0.3303614E-02       130  0.8119724E-01
  0.8976626E-01  0.9963152E+00  0.3696935E-02  0.6265131E-01  0.1361318E-01       240  0.8127135E-01
  0.1227193E+00  0.9825971E+00  0.8126886E-02  0.7562565E-01  0.1302860E-02        86  0.8091080E-01
  0.1568248E+00  0.9757785E+00  0.7758449E-02  0.7765839E-01  0.2393902E-02        92  0.8139352E-01
  0.2034684E+00  0.9916517E+00  0.4365928E-02  0.4995216E-01  0.1431368E-01       130  0.8119243E-01
  0.2905581E+00  0.9798992E+00  0.6277786E-02  0.7702859E-01  0.3142105E-01       144  0.8132201E-01
  0.4192882E+00  0.9722476E+00  0.4031871E-02  0.5771274E-01  0.4098199E-01       182  0.8118550E-01
  0.6888842E+00  0.9586834E+00  0.5861409E-02  0.6853777E-01  0.7666647E-01       144  0.8128558E-01
  0.8446172E+00  0.9796261E+00  0.4218746E-02  0.4462722E-01  0.7478822E-01       130  0.8117545E-01
  0.1418006E+01  0.9577072E+00  0.3743677E-02  0.5101114E-01  0.1207632E+00       188  0.8126667E-01
  0.1967856E+01  0.9554355E+00  0.6644813E-02  0.7276246E-01  0.2089919E+00       116  0.8140349E-01
  0.2865955E+01  0.9360339E+00  0.3932368E-02  0.5900795E-01  0.2353589E+00       190  0.8094135E-01
  0.4620504E+01  0.9149169E+00  0.4018340E-02  0.7231068E-01  0.4969800E+00       240  0.8105345E-01
  0.7248830E+01  0.8748561E+00  0.6090780E-02  0.8954026E-01  0.1057101E+01       208  0.8129134E-01
  0.1046078E+02  0.8415023E+00  0.5079646E-02  0.6916481E-01  0.9800514E+00       188  0.8095369E-01
  0.1683985E+02  0.7520345E+00  0.4291674E-02  0.8376687E-01  0.2241857E+01       344  0.8128983E-01
  0.2492000E+02  0.7109712E+00  0.6330842E-02  0.1068873E+00  0.1665296E+01       320  0.8100951E-01
  0.3333608E+02  0.6371175E+00  0.6268970E-02  0.1170355E+00  0.3026733E+01       469  0.8079080E-01
  0.4685777E+02  0.5809082E+00  0.7316911E-02  0.1496531E+00  0.5475196E+01       602  0.8082237E-01
  0.6910817E+02  0.4684572E+00  0.1215102E-01  0.2000176E+00  0.6879357E+01       422  0.8071491E-01
  0.9713079E+02  0.3035638E+00  0.3180482E-01  0.2535316E+00  0.7346090E+01       131  0.8023601E-01

#nxt
GEL1 GEL1 in Hellma 4mm TFS 37C
GEL1 Wed  fqt   vs   t/ns  1111006

parameter
q          0.8983962E-01
q_var      0.4369142E-03
q_unit_SI  0.1000000E+11
t_unit_SI  0.1000000E-08
temp       0.3037480E+03
numor1       11110
ref1         10770
bgr1         11123
withbgr          1
tfac_bgr  -0.1000000E+01
volfrac    0.7200000E+00
qbins           11
tbins           22
oor_cnt       4660
upd_cnt      44643

values
        tau/ns    S(q,t)/S(q)    err(sqt/sq)    var(sqt/sq)    var(tau)/ns   nupdates   Qeff/A**-1  
  0.3476735E-01  0.1001410E+01  0.1037580E-01  0.8168742E-01  0.4090989E-02        58  0.9031241E-01
  0.5129547E-01  0.1005348E+01  0.5175165E-02  0.5558338E-01  0.3468238E-02       106  0.9009683E-01
  0.8970940E-01  0.9878789E+00  0.4503634E-02  0.7392686E-01  0.1373864E-01       196  0.9001399E-01
  0.1226518E+00  0.9830201E+00  0.9868332E-02  0.9962426E-01  0.1316748E-02        74  0.9000781E-01
  0.1565910E+00  0.9833816E+00  0.9553996E-02  0.8495269E-01  0.2475713E-02        68  0.8990214E-01
  0.2040301E+00  0.9836371E+00  0.5317624E-02  0.5997544E-01  0.1464935E-01       106  0.9000333E-01
  0.2887424E+00  0.9844061E+00  0.7715256E-02  0.7541074E-01  0.3169428E-01       116  0.8988612E-01
  0.4201576E+00  0.9690055E+00  0.4927376E-02  0.6620114E-01  0.4111011E-01       154  0.9004252E-01
  0.6765438E+00  0.9713534E+00  0.7724328E-02  0.7577509E-01  0.7380115E-01       104  0.8995109E-01
  0.8415565E+00  0.9803951E+00  0.5028690E-02  0.5666078E-01  0.7322453E-01       118  0.9005600E-01
  0.1421332E+01  0.9601712E+00  0.4596663E-02  0.5333986E-01  0.1213402E+00       148  0.8991704E-01
  0.1971754E+01  0.9401847E+00  0.7963520E-02  0.8661725E-01  0.2118578E+00       108  0.9015597E-01
  0.2873026E+01  0.9200031E+00  0.4769738E-02  0.6524745E-01  0.2326295E+00       142  0.8989089E-01
  0.4647802E+01  0.8928840E+00  0.4924903E-02  0.7083333E-01  0.4856110E+00       196  0.8973795E-01
  0.7293658E+01  0.8544506E+00  0.7269838E-02  0.9133361E-01  0.1122572E+01       159  0.9008014E-01
  0.1062522E+02  0.7932427E+00  0.6809243E-02  0.8555479E-01  0.1066467E+01       154  0.8973036E-01
  0.1663510E+02  0.7129582E+00  0.6420007E-02  0.1003110E+00  0.2087081E+01       262  0.9036374E-01
  0.2463848E+02  0.6070518E+00  0.8870720E-02  0.1908783E+00  0.1251729E+01       243  0.9035967E-01
  0.3315191E+02  0.5909374E+00  0.7263195E-02  0.1178372E+00  0.3035988E+01       328  0.8899313E-01
  0.4735003E+02  0.4803002E+00  0.8984986E-02  0.1697827E+00  0.5799004E+01       362  0.8911376E-01
  0.6981703E+02  0.3810270E+00  0.1474955E-01  0.1589242E+00  0.5801387E+01       211  0.8872852E-01
  0.9358801E+02  0.2316814E+00  0.9075602E-01  0.4562904E+00  0.3877910E+01        54  0.8912823E-01

#nxt
GEL1 GEL1 in Hellma 4mm TFS 37C
GEL1 Wed  fqt   vs   t/ns  1111007

parameter
q          0.9842144E-01
q_var      0.1087378E-02
q_unit_SI  0.1000000E+11
t_unit_SI  0.1000000E-08
temp       0.3037480E+03
numor1       11110
ref1         10770
bgr1         11123
withbgr          1
tfac_bgr  -0.1000000E+01
volfrac    0.7200000E+00
qbins           11
tbins           22
oor_cnt       4660
upd_cnt      44643

values
        tau/ns    S(q,t)/S(q)    err(sqt/sq)    var(sqt/sq)    var(tau)/ns   nupdates   Qeff/A**-1  
  0.3464227E-01  0.9893644E+00  0.9565708E-02  0.9691999E-01  0.4091720E-02        96  0.9889349E-01
  0.5151174E-01  0.1001089E+01  0.5383097E-02  0.7185261E-01  0.3731717E-02       154  0.9909873E-01
  0.8985993E-01  0.9996013E+00  0.4748371E-02  0.7525853E-01  0.1323316E-01       242  0.9893690E-01
  0.1224066E+00  0.9861244E+00  0.1011021E-01  0.9551035E-01  0.1340295E-02        86  0.9909902E-01
  0.1565802E+00  0.9625609E+00  0.8938477E-02  0.8285265E-01  0.2486018E-02        96  0.9859262E-01
  0.2056746E+00  0.9782229E+00  0.5486802E-02  0.7864534E-01  0.1639940E-01       156  0.9908188E-01
  0.2944150E+00  0.9649936E+00  0.7780864E-02  0.9030092E-01  0.2930347E-01       132  0.9855278E-01
  0.4205805E+00  0.9673656E+00  0.5145479E-02  0.7976105E-01  0.4146546E-01       192  0.9903219E-01
  0.6760346E+00  0.9623518E+00  0.7384587E-02  0.1011890E+00  0.7402269E-01       152  0.9855704E-01
  0.8480300E+00  0.9692291E+00  0.5410642E-02  0.7120790E-01  0.7369518E-01       138  0.9915403E-01
  0.1406484E+01  0.9554643E+00  0.4808260E-02  0.6508147E-01  0.1294007E+00       204  0.9890470E-01
  0.2002654E+01  0.9220285E+00  0.7917244E-02  0.8848178E-01  0.2248484E+00       130  0.9873823E-01
  0.2865421E+01  0.9028488E+00  0.4919553E-02  0.7112432E-01  0.2382478E+00       202  0.9913528E-01
  0.4644455E+01  0.8616347E+00  0.4844281E-02  0.8508617E-01  0.4786220E+00       240  0.9900873E-01
  0.7302422E+01  0.8277628E+00  0.7573481E-02  0.1007433E+00  0.9985646E+00       197  0.9910425E-01
  0.1043240E+02  0.7717811E+00  0.6655839E-02  0.8895591E-01  0.9524690E+00       190  0.9885358E-01
  0.1679351E+02  0.6856499E+00  0.5729265E-02  0.1032863E+00  0.2234167E+01       331  0.9884946E-01
  0.2449588E+02  0.5893773E+00  0.9014747E-02  0.1202488E+00  0.9875351E+00       229  0.9850155E-01
  0.3280936E+02  0.5397482E+00  0.9002480E-02  0.1448591E+00  0.3041360E+01       297  0.9682972E-01
  0.4686784E+02  0.4170659E+00  0.1221619E-01  0.1893808E+00  0.5941940E+01       335  0.9592681E-01
  0.7011394E+02  0.3571445E+00  0.2466666E-01  0.2785260E+00  0.5638515E+01       226  0.9506367E-01
  0.9796757E+02  0.3393817E+00  0.3103729E+00  0.9871326E+00  0.7965393E+01        61  0.9735697E-01

#nxt
GEL1 GEL1 in Hellma 4mm TFS 37C
GEL1 Wed  fqt   vs   t/ns  1111008

parameter
q          0.1088100E+00
q_var      0.9443272E-03
q_unit_SI  0.1000000E+11
t_unit_SI  0.1000000E-08
temp       0.3037480E+03
numor1       11110
ref1         10770
bgr1         11123
withbgr          1
tfac_bgr  -0.1000000E+01
volfrac    0.7200000E+00
qbins           11
tbins           22
oor_cnt       4660
upd_cnt      44643

values
        tau/ns    S(q,t)/S(q)    err(sqt/sq)    var(sqt/sq)    var(tau)/ns   nupdates   Qeff/A**-1  
  0.3462158E-01  0.9815093E+00  0.1218893E-01  0.1233015E+00  0.4092539E-02        92  0.1091514E+00
  0.5172047E-01  0.9915468E+00  0.6721387E-02  0.6683791E-01  0.3982096E-02       112  0.1091013E+00
  0.8853571E-01  0.9817140E+00  0.5924621E-02  0.8905672E-01  0.1402109E-01       225  0.1090888E+00
  0.1225768E+00  0.9577913E+00  0.1196468E-01  0.1199481E+00  0.1327171E-02        96  0.1088177E+00
  0.1562720E+00  0.9544709E+00  0.1190046E-01  0.1243437E+00  0.2529410E-02       108  0.1092031E+00
  0.2051049E+00  0.9798204E+00  0.7057080E-02  0.7905047E-01  0.1616347E-01       110  0.1092511E+00
  0.2859731E+00  0.9345948E+00  0.9394869E-02  0.1211159E+00  0.3184378E-01       162  0.1087487E+00
  0.4242483E+00  0.9610221E+00  0.6430892E-02  0.7626413E-01  0.4361744E-01       164  0.1090383E+00
  0.6832261E+00  0.9401189E+00  0.9647591E-02  0.1309702E+00  0.7637875E-01       142  0.1091333E+00
  0.8489132E+00  0.9414982E+00  0.6588214E-02  0.7927001E-01  0.7683334E-01       128  0.1090083E+00
  0.1409228E+01  0.9181224E+00  0.6064025E-02  0.8519342E-01  0.1265746E+00       174  0.1091656E+00
  0.1977089E+01  0.9014272E+00  0.9320426E-02  0.1188602E+00  0.2154906E+00       148  0.1086854E+00
  0.2870835E+01  0.8831789E+00  0.6327836E-02  0.7502481E-01  0.2308210E+00       172  0.1094480E+00
  0.4573347E+01  0.8261414E+00  0.6219499E-02  0.8322238E-01  0.5205805E+00       228  0.1095427E+00
  0.7183930E+01  0.7685014E+00  0.9481044E-02  0.1336484E+00  0.1051221E+01       229  0.1093815E+00
  0.1053895E+02  0.7232945E+00  0.9250725E-02  0.1171687E+00  0.1018362E+01       172  0.1094408E+00
  0.1666647E+02  0.6361214E+00  0.8989677E-02  0.1313056E+00  0.2155108E+01       299  0.1096426E+00
  0.2433734E+02  0.5542017E+00  0.1451014E-01  0.1621771E+00  0.1306262E+01       206  0.1083150E+00
  0.3239867E+02  0.4660834E+00  0.2387185E-01  0.2978764E+00  0.2921289E+01       276  0.1078562E+00
  0.4583412E+02  0.3138083E+00  0.3404035E-01  0.3437745E+00  0.6891820E+01       195  0.1051676E+00
  0.6901351E+02  0.6316789E+00  0.2378027E+00  0.1233773E+01  0.4699629E+01        88  0.1078232E+00

#nxt
GEL1 GEL1 in Hellma 4mm TFS 37C
GEL1 Wed  fqt   vs   t/ns  1111009

parameter
q          0.1192916E+00
q_var      0.1057164E-02
q_unit_SI  0.1000000E+11
t_unit_SI  0.1000000E-08
temp       0.3037480E+03
numor1       11110
ref1         10770
bgr1         11123
withbgr          1
tfac_bgr  -0.1000000E+01
volfrac    0.7200000E+00
qbins           11
tbins           22
oor_cnt       4660
upd_cnt      44643

values
        tau/ns    S(q,t)/S(q)    err(sqt/sq)    var(sqt/sq)    var(tau)/ns   nupdates   Qeff/A**-1  
  0.3494174E-01  0.9516596E+00  0.1405193E-01  0.1018746E+00  0.4082725E-02        84  0.1198987E+00
  0.5116610E-01  0.9746133E+00  0.7944875E-02  0.9345890E-01  0.3955156E-02       158  0.1193551E+00
  0.8969304E-01  0.9554414E+00  0.7082166E-02  0.1085208E+00  0.1305889E-01       238  0.1192137E+00
  0.1223969E+00  0.9309655E+00  0.1518674E-01  0.1379162E+00  0.1317580E-02        92  0.1198707E+00
  0.1610263E+00  0.9499406E+00  0.1361541E-01  0.1187193E+00  0.1122851E-01        86  0.1201919E+00
  0.2044809E+00  0.9555229E+00  0.8593243E-02  0.9851033E-01  0.1600823E-01       146  0.1190102E+00
  0.3000398E+00  0.9141871E+00  0.1149060E-01  0.1361312E+00  0.3777731E-01       136  0.1200452E+00
  0.4208124E+00  0.9271039E+00  0.8027539E-02  0.1199900E+00  0.4241919E-01       196  0.1191375E+00
  0.6887879E+00  0.9007530E+00  0.1082176E-01  0.1383400E+00  0.7407516E-01       144  0.1198131E+00
  0.8453906E+00  0.9534801E+00  0.8584237E-02  0.1128281E+00  0.7413193E-01       138  0.1189485E+00
  0.1403952E+01  0.9257618E+00  0.7421411E-02  0.1002663E+00  0.1264573E+00       188  0.1192873E+00
  0.2010876E+01  0.8749479E+00  0.1182488E-01  0.1248588E+00  0.2279192E+00       134  0.1198411E+00
  0.2876221E+01  0.8372398E+00  0.7895581E-02  0.1035459E+00  0.2129659E+00       190  0.1193280E+00
  0.4576553E+01  0.7995693E+00  0.8280324E-02  0.1292901E+00  0.4998523E+00       236  0.1195632E+00
  0.7259386E+01  0.7305436E+00  0.1316769E-01  0.1718127E+00  0.1085370E+01       198  0.1198824E+00
  0.1065734E+02  0.6555482E+00  0.1427943E-01  0.1612617E+00  0.1086019E+01       186  0.1200787E+00
  0.1659505E+02  0.6086322E+00  0.1340637E-01  0.1918743E+00  0.2116825E+01       298  0.1197786E+00
  0.2437875E+02  0.4731155E+00  0.2386797E-01  0.2408726E+00  0.5004110E+00       181  0.1193133E+00
  0.3327975E+02  0.4623242E+00  0.4638636E-01  0.3526243E+00  0.3472309E+01       110  0.1186761E+00
  0.4546932E+02 -0.2153222E-01  0.2344489E+00  0.9411522E+00  0.6573495E+01        65  0.1189345E+00
  0.6717572E+02 -0.5184278E-01  0.3133982E+01  0.6624739E+00  0.1358494E-02         4  0.1149563E+00

#nxt
GEL1 GEL1 in Hellma 4mm TFS 37C
GEL1 Wed  fqt   vs   t/ns  1111010

parameter
q          0.1340821E+00
q_var      0.8996629E-03
q_unit_SI  0.1000000E+11
t_unit_SI  0.1000000E-08
temp       0.3037480E+03
numor1       11110
ref1         10770
bgr1         11123
withbgr          1
tfac_bgr  -0.1000000E+01
volfrac    0.7200000E+00
qbins           11
tbins           22
oor_cnt       4660
upd_cnt      44643

values
        tau/ns    S(q,t)/S(q)    err(sqt/sq)    var(sqt/sq)    var(tau)/ns   nupdates   Qeff/A**-1  
  0.3418330E-01  0.9068890E+00  0.1654147E-01  0.2232959E+00  0.4060505E-02       160  0.1352623E+00
  0.5078102E-01  0.9505727E+00  0.9381606E-02  0.1426501E+00  0.4512857E-02       212  0.1350530E+00
  0.8899047E-01  0.9374332E+00  0.8482745E-02  0.1725805E+00  0.1237364E-01       345  0.1344188E+00
  0.1222686E+00  0.8851366E+00  0.1688203E-01  0.1806606E+00  0.1307772E-02       138  0.1334831E+00
  0.1677568E+00  0.9168381E+00  0.1349104E-01  0.2021490E+00  0.1426434E-01       181  0.1357426E+00
  0.2073942E+00  0.9167506E+00  0.1094302E-01  0.1615269E+00  0.1895305E-01       174  0.1340787E+00
  0.3143648E+00  0.9119321E+00  0.1230181E-01  0.1851469E+00  0.4387743E-01       245  0.1346880E+00
  0.4258719E+00  0.8744366E+00  0.9861822E-02  0.1466533E+00  0.4535627E-01       240  0.1336388E+00
  0.6964489E+00  0.8755095E+00  0.1164833E-01  0.1985125E+00  0.6901026E-01       249  0.1355523E+00
  0.8561830E+00  0.9009864E+00  0.1058326E-01  0.1267588E+00  0.7961269E-01       171  0.1335713E+00
  0.1388719E+01  0.8543132E+00  0.8688072E-02  0.1357063E+00  0.1179714E+00       282  0.1343969E+00
  0.1972745E+01  0.7934680E+00  0.1382580E-01  0.1934612E+00  0.2150369E+00       222  0.1338959E+00
  0.2842922E+01  0.8148659E+00  0.9083937E-02  0.1499153E+00  0.2163399E+00       274  0.1342613E+00
  0.4571451E+01  0.7216862E+00  0.9191306E-02  0.1603315E+00  0.4666136E+00       348  0.1336320E+00
  0.7636987E+01  0.6523571E+00  0.1356320E-01  0.2299994E+00  0.1200745E+01       342  0.1342264E+00
  0.1118208E+02  0.6036608E+00  0.1555809E-01  0.2049741E+00  0.1488905E+01       266  0.1332744E+00
  0.1672302E+02  0.5232127E+00  0.1425059E-01  0.2511475E+00  0.1929032E+01       424  0.1324329E+00
  0.2399315E+02  0.4419367E+00  0.2345470E-01  0.2683587E+00  0.5588109E+00       193  0.1335319E+00
  0.3406721E+02  0.3937434E+00  0.3047953E-01  0.3172715E+00  0.3799757E+01       141  0.1324198E+00

#nxt
GEL1 GEL1 in Hellma 4mm TFS 37C
GEL1 Wed  fqt   vs   t/ns  1111011

parameter
q          0.1542261E+00
q_var      0.1426605E-02
q_unit_SI  0.1000000E+11
t_unit_SI  0.1000000E-08
temp       0.3037480E+03
numor1       11110
ref1         10770
bgr1         11123
withbgr          1
tfac_bgr  -0.1000000E+01
volfrac    0.7200000E+00
qbins           11
tbins           22
oor_cnt       4660
upd_cnt      44643

values
        tau/ns    S(q,t)/S(q)    err(sqt/sq)    var(sqt/sq)    var(tau)/ns   nupdates   Qeff/A**-1  
  0.3457424E-01  0.8113586E+00  0.3097580E-01  0.2935497E+00  0.4083050E-02       124  0.1556271E+00
  0.4984334E-01  0.8760558E+00  0.1848018E-01  0.2164206E+00  0.5056345E-02       156  0.1545977E+00
  0.8760898E-01  0.7840668E+00  0.1617886E-01  0.2560158E+00  0.1179366E-01       236  0.1545843E+00
  0.1223542E+00  0.7781715E+00  0.3127858E-01  0.3159129E+00  0.1338524E-02       105  0.1547726E+00
  0.1748569E+00  0.8804947E+00  0.2184742E-01  0.2588900E+00  0.1408448E-01       128  0.1558253E+00
  0.2149761E+00  0.7401514E+00  0.2707386E-01  0.2597146E+00  0.2250161E-01       126  0.1527646E+00
  0.3344389E+00  0.8665976E+00  0.2037320E-01  0.2383680E+00  0.4487367E-01       172  0.1553822E+00
  0.4469216E+00  0.7660734E+00  0.2415819E-01  0.2801633E+00  0.4814953E-01       168  0.1529347E+00
  0.7123480E+00  0.8487315E+00  0.1929817E-01  0.2259756E+00  0.6082714E-01       176  0.1550244E+00
  0.9076292E+00  0.7198285E+00  0.2615698E-01  0.2383797E+00  0.7450745E-01       120  0.1529225E+00
  0.1351513E+01  0.7264712E+00  0.1743332E-01  0.2623862E+00  0.1067986E+00       192  0.1551154E+00
  0.1991722E+01  0.6942111E+00  0.2580240E-01  0.2796022E+00  0.2221665E+00       170  0.1544562E+00
  0.2809011E+01  0.6859303E+00  0.1753905E-01  0.2197335E+00  0.1679302E+00       186  0.1548210E+00
  0.4403277E+01  0.6290819E+00  0.1780976E-01  0.2616734E+00  0.4333062E+00       236  0.1543377E+00
  0.8118757E+01  0.5037357E+00  0.2051766E-01  0.2720613E+00  0.1325764E+01       245  0.1549038E+00
  0.1256293E+02  0.4764300E+00  0.2461157E-01  0.2977509E+00  0.1483772E+01       204  0.1545069E+00
  0.1754483E+02  0.3821528E+00  0.2531395E-01  0.3932201E+00  0.1731274E+01       329  0.1536745E+00
  0.2351421E+02  0.3028368E+00  0.3713464E-01  0.3701163E+00  0.7119724E+00       146  0.1547002E+00
  0.3105215E+02  0.3475742E+00  0.9642526E-01  0.6245203E+00  0.1237348E+01        99  0.1493446E+00

#nxt
