GEL2 GEL2 in Hellma 4mm TFS 37C
GEL2 Thu  fqt   vs   t/ns  1113101

parameter
q          0.3776171E-01
q_var      0.6542355E-03
q_unit_SI  0.1000000E+11
t_unit_SI  0.1000000E-08
temp       0.3036220E+03
numor1       11131
ref1         10770
bgr1         11123
withbgr          1
tfac_bgr  -0.1000000E+01
volfrac    0.7000000E+00
qbins           11
tbins           23
oor_cnt       2922
upd_cnt      25364

values
        tau/ns    S(q,t)/S(q)    err(sqt/sq)    var(sqt/sq)    var(tau)/ns   nupdates   Qeff/A**-1  
  0.3543671E-01  0.9830529E+00  0.1077022E-01  0.3548857E-01  0.4013114E-02        12  0.3787750E-01
  0.5092489E-01  0.9946734E+00  0.5160558E-02  0.2075170E-01  0.3145781E-02        26  0.3651915E-01
  0.7353779E-01  0.9914435E+00  0.7727682E-02  0.4864666E-01  0.7611396E-02        36  0.3813512E-01
  0.1050633E+00  0.1004599E+01  0.4589084E-02  0.3588442E-01  0.8977877E-02        58  0.3670199E-01
  0.1549433E+00  0.1013747E+01  0.3888128E-02  0.4129005E-01  0.1326275E-01       128  0.3778757E-01
  0.2213589E+00  0.1000833E+01  0.3407321E-02  0.4055745E-01  0.1994611E-01       122  0.3712616E-01
  0.3592264E+00  0.1005265E+01  0.4151319E-02  0.4903935E-01  0.4043842E-01       110  0.3716098E-01
  0.4721354E+00  0.1012600E+01  0.4586418E-02  0.4445335E-01  0.2204735E-01        78  0.3756949E-01
  0.6433969E+00  0.1005273E+01  0.5945920E-02  0.6541172E-01  0.4904304E-01        88  0.3811557E-01
  0.8799242E+00  0.9808914E+00  0.3394280E-02  0.4022619E-01  0.7895016E-01       100  0.3697661E-01
  0.1392556E+01  0.9800573E+00  0.3697339E-02  0.4734515E-01  0.1352438E+00       130  0.3724286E-01
  0.2049671E+01  0.9791226E+00  0.3533290E-02  0.4190719E-01  0.3253123E+00       146  0.3772874E-01
  0.3295203E+01  0.9772516E+00  0.3542354E-02  0.3599944E-01  0.2989968E+00        88  0.3721306E-01
  0.4687537E+01  0.9637833E+00  0.4008139E-02  0.5693602E-01  0.4355982E+00       142  0.3782920E-01
  0.6142115E+01  0.9592400E+00  0.4575119E-02  0.4820969E-01  0.3955406E+00        80  0.3762290E-01
  0.9132849E+01  0.9493186E+00  0.5422955E-02  0.6419275E-01  0.8761684E+00       107  0.3893904E-01
  0.1237887E+02  0.9361556E+00  0.4790036E-02  0.5328351E-01  0.8439415E+00       107  0.3811070E-01
  0.1568007E+02  0.9104836E+00  0.7118123E-02  0.6877317E-01  0.8370276E+00        87  0.3940792E-01
  0.2060748E+02  0.9181025E+00  0.3791544E-02  0.5874504E-01  0.2650089E+01       219  0.3813479E-01
  0.3128016E+02  0.8844373E+00  0.3770935E-02  0.7458933E-01  0.3699496E+01       353  0.3805046E-01
  0.4717565E+02  0.8418499E+00  0.4516927E-02  0.8917930E-01  0.6105541E+01       377  0.3811796E-01
  0.7038175E+02  0.7839856E+00  0.7474802E-02  0.1094347E+00  0.6012796E+01       203  0.3783001E-01
  0.9690884E+02  0.6944142E+00  0.1976778E-01  0.1716245E+00  0.7269827E+01        90  0.3832167E-01

#nxt
GEL2 GEL2 in Hellma 4mm TFS 37C
GEL2 Thu  fqt   vs   t/ns  1113102

parameter
q          0.4992781E-01
q_var      0.4662158E-03
q_unit_SI  0.1000000E+11
t_unit_SI  0.1000000E-08
temp       0.3036220E+03
numor1       11131
ref1         10770
bgr1         11123
withbgr          1
tfac_bgr  -0.1000000E+01
volfrac    0.7000000E+00
qbins           11
tbins           23
oor_cnt       2922
upd_cnt      25364

values
        tau/ns    S(q,t)/S(q)    err(sqt/sq)    var(sqt/sq)    var(tau)/ns   nupdates   Qeff/A**-1  
  0.3427376E-01  0.9993533E+00  0.1172294E-01  0.3989388E-01  0.4075929E-02        18  0.4968958E-01
  0.5127431E-01  0.1015349E+01  0.5761670E-02  0.3062143E-01  0.3578044E-02        32  0.5048638E-01
  0.7283983E-01  0.1010560E+01  0.7724394E-02  0.5114389E-01  0.8061394E-02        38  0.5029485E-01
  0.1065520E+00  0.1003656E+01  0.5037837E-02  0.3300974E-01  0.1009075E-01        56  0.5037253E-01
  0.1543323E+00  0.1000187E+01  0.4481980E-02  0.4480099E-01  0.1290647E-01        88  0.4984974E-01
  0.2215831E+00  0.9994889E+00  0.3820158E-02  0.3517631E-01  0.2045149E-01       100  0.5005661E-01
  0.3605576E+00  0.9961594E+00  0.4656627E-02  0.3990692E-01  0.4020095E-01        84  0.5030047E-01
  0.4731181E+00  0.1005516E+01  0.5035477E-02  0.5527972E-01  0.2242985E-01        64  0.4985641E-01
  0.6402413E+00  0.9944756E+00  0.6914768E-02  0.5590421E-01  0.4540146E-01        62  0.4983031E-01
  0.8821862E+00  0.9836770E+00  0.3773167E-02  0.3576208E-01  0.7929787E-01        86  0.5018343E-01
  0.1398028E+01  0.9776210E+00  0.4203181E-02  0.3841625E-01  0.1324405E+00        98  0.5030082E-01
  0.2036215E+01  0.9833080E+00  0.4036252E-02  0.3725451E-01  0.3108900E+00       112  0.4979959E-01
  0.3269136E+01  0.9711617E+00  0.3992536E-02  0.3913203E-01  0.2975173E+00        72  0.5019323E-01
  0.4656562E+01  0.9613763E+00  0.4307783E-02  0.4709196E-01  0.4671022E+00       112  0.5052112E-01
  0.6110519E+01  0.9446918E+00  0.4939445E-02  0.3361137E-01  0.3414872E+00        63  0.4952418E-01
  0.9230557E+01  0.9164095E+00  0.5209445E-02  0.5264431E-01  0.8742740E+00        93  0.5045148E-01
  0.1226194E+02  0.9024149E+00  0.4917584E-02  0.5071756E-01  0.7234593E+00        80  0.4952074E-01
  0.1533444E+02  0.8900991E+00  0.6521718E-02  0.6266084E-01  0.7249377E+00        80  0.5058254E-01
  0.2044685E+02  0.8758443E+00  0.3675711E-02  0.5667858E-01  0.2556295E+01       170  0.4958387E-01
  0.3093916E+02  0.8190130E+00  0.3465427E-02  0.6775937E-01  0.3921604E+01       345  0.4964801E-01
  0.4715408E+02  0.7688806E+00  0.4441625E-02  0.8643337E-01  0.6150859E+01       358  0.4938384E-01
  0.7016789E+02  0.6875472E+00  0.7440696E-02  0.9354908E-01  0.5789433E+01       201  0.4877941E-01
  0.9778170E+02  0.6389714E+00  0.2764874E-01  0.1724518E+00  0.7667073E+01        77  0.4913058E-01

#nxt
GEL2 GEL2 in Hellma 4mm TFS 37C
GEL2 Thu  fqt   vs   t/ns  1113103

parameter
q          0.6000437E-01
q_var      0.3276284E-03
q_unit_SI  0.1000000E+11
t_unit_SI  0.1000000E-08
temp       0.3036220E+03
numor1       11131
ref1         10770
bgr1         11123
withbgr          1
tfac_bgr  -0.1000000E+01
volfrac    0.7000000E+00
qbins           11
tbins           23
oor_cnt       2922
upd_cnt      25364

values
        tau/ns    S(q,t)/S(q)    err(sqt/sq)    var(sqt/sq)    var(tau)/ns   nupdates   Qeff/A**-1  
  0.3583348E-01  0.9826654E+00  0.9739493E-02  0.4806073E-01  0.3921454E-02        22  0.6083972E-01
  0.5118784E-01  0.9995960E+00  0.4776298E-02  0.2789600E-01  0.2938926E-02        40  0.5995745E-01
  0.7280438E-01  0.1005225E+01  0.6489320E-02  0.4784678E-01  0.7924403E-02        58  0.6035928E-01
  0.1059340E+00  0.1003155E+01  0.4272819E-02  0.3434858E-01  0.9423886E-02        76  0.6001553E-01
  0.1557912E+00  0.9969408E+00  0.5177004E-02  0.5295818E-01  0.1212484E-01       100  0.5956574E-01
  0.2159683E+00  0.9940454E+00  0.3901677E-02  0.4484898E-01  0.2063106E-01       108  0.5977939E-01
  0.3691621E+00  0.9989804E+00  0.4180756E-02  0.4888953E-01  0.3971269E-01       106  0.5993319E-01
  0.4770427E+00  0.9985532E+00  0.6090926E-02  0.4833811E-01  0.2201306E-01        66  0.5977053E-01
  0.6418424E+00  0.9733476E+00  0.6744772E-02  0.6794834E-01  0.3964123E-01        74  0.5997729E-01
  0.8598099E+00  0.9898283E+00  0.3794986E-02  0.3699935E-01  0.7800526E-01        98  0.5981623E-01
  0.1414153E+01  0.9819316E+00  0.3844061E-02  0.3900736E-01  0.1317764E+00       116  0.5990038E-01
  0.2086746E+01  0.9711926E+00  0.4411654E-02  0.5055060E-01  0.3122273E+00       130  0.5974852E-01
  0.3147985E+01  0.9621829E+00  0.4131125E-02  0.4263622E-01  0.2579289E+00        76  0.5985197E-01
  0.4595228E+01  0.9377694E+00  0.4136513E-02  0.5448583E-01  0.4917262E+00       136  0.5998981E-01
  0.6101944E+01  0.9284468E+00  0.6435582E-02  0.7080067E-01  0.2606679E+00        68  0.5952020E-01
  0.9161884E+01  0.9022938E+00  0.5151624E-02  0.5684929E-01  0.8716999E+00       104  0.6010677E-01
  0.1230529E+02  0.8627729E+00  0.6700663E-02  0.7771190E-01  0.6215606E+00        95  0.5954935E-01
  0.1509536E+02  0.8476129E+00  0.6375846E-02  0.6990232E-01  0.4742938E+00        87  0.6018568E-01
  0.2021449E+02  0.8313964E+00  0.5189329E-02  0.6934221E-01  0.2203551E+01       187  0.5979024E-01
  0.2997039E+02  0.7571253E+00  0.4493236E-02  0.8828738E-01  0.4156265E+01       380  0.6018984E-01
  0.4668087E+02  0.6698700E+00  0.6034797E-02  0.1222420E+00  0.6206425E+01       425  0.6014079E-01
  0.7037573E+02  0.5796110E+00  0.1137297E-01  0.1477881E+00  0.5993878E+01       235  0.6048159E-01
  0.9741465E+02  0.4559834E+00  0.2663138E-01  0.2112182E+00  0.7538436E+01       105  0.6063103E-01

#nxt
GEL2 GEL2 in Hellma 4mm TFS 37C
GEL2 Thu  fqt   vs   t/ns  1113104

parameter
q          0.7063441E-01
q_var      0.2678663E-03
q_unit_SI  0.1000000E+11
t_unit_SI  0.1000000E-08
temp       0.3036220E+03
numor1       11131
ref1         10770
bgr1         11123
withbgr          1
tfac_bgr  -0.1000000E+01
volfrac    0.7000000E+00
qbins           11
tbins           23
oor_cnt       2922
upd_cnt      25364

values
        tau/ns    S(q,t)/S(q)    err(sqt/sq)    var(sqt/sq)    var(tau)/ns   nupdates   Qeff/A**-1  
  0.3489405E-01  0.1007861E+01  0.8686724E-02  0.4661573E-01  0.4082724E-02        34  0.7072605E-01
  0.5157173E-01  0.1009198E+01  0.4454797E-02  0.3310710E-01  0.3442302E-02        54  0.7065298E-01
  0.7378758E-01  0.9996833E+00  0.5901024E-02  0.4942708E-01  0.7657878E-02        74  0.7118150E-01
  0.1061181E+00  0.9954046E+00  0.4135062E-02  0.4036403E-01  0.9850749E-02        88  0.7081623E-01
  0.1566958E+00  0.9850746E+00  0.6502744E-02  0.7296082E-01  0.7545954E-02        84  0.7023980E-01
  0.2115473E+00  0.9913035E+00  0.4113928E-02  0.4216700E-01  0.1976723E-01        96  0.7064136E-01
  0.3707911E+00  0.9948164E+00  0.4004842E-02  0.7564430E-01  0.3978589E-01       104  0.7078616E-01
  0.4855403E+00  0.9774031E+00  0.7679307E-02  0.6049284E-01  0.1544453E-01        56  0.7039425E-01
  0.6305691E+00  0.9942892E+00  0.7014247E-02  0.5933721E-01  0.2187888E-01        64  0.7074995E-01
  0.8434193E+00  0.9850894E+00  0.3941295E-02  0.4381904E-01  0.7274506E-01        96  0.7068853E-01
  0.1412561E+01  0.9760676E+00  0.3742171E-02  0.4472762E-01  0.1312470E+00       114  0.7070435E-01
  0.2141074E+01  0.9584932E+00  0.4972544E-02  0.5777588E-01  0.2718766E+00       110  0.7074243E-01
  0.3014710E+01  0.9403126E+00  0.4363987E-02  0.4557595E-01  0.1144139E+00        74  0.7049195E-01
  0.4660763E+01  0.9317444E+00  0.3748216E-02  0.5737217E-01  0.4867924E+00       138  0.7063473E-01
  0.6119053E+01  0.9120474E+00  0.9314572E-02  0.6116539E-01  0.7404919E-01        45  0.7088813E-01
  0.9221845E+01  0.8804409E+00  0.4424590E-02  0.5698863E-01  0.9592732E+00       126  0.7068751E-01
  0.1199728E+02  0.8458236E+00  0.9263185E-02  0.7040585E-01  0.4026439E+00        74  0.7097903E-01
  0.1510644E+02  0.8257295E+00  0.5210150E-02  0.6430711E-01  0.4049214E+00       113  0.7074357E-01
  0.2045994E+02  0.7677751E+00  0.5419543E-02  0.6860030E-01  0.1649248E+01       181  0.7080051E-01
  0.3016747E+02  0.6976475E+00  0.3855931E-02  0.8619650E-01  0.4216339E+01       449  0.7057437E-01
  0.4687163E+02  0.5925201E+00  0.5107118E-02  0.1101573E+00  0.6235068E+01       468  0.7034651E-01
  0.7019492E+02  0.4789686E+00  0.8812444E-02  0.1127436E+00  0.5844794E+01       240  0.6990345E-01
  0.9699773E+02  0.3951358E+00  0.3610823E-01  0.2261481E+00  0.7279247E+01        85  0.7021807E-01

#nxt
GEL2 GEL2 in Hellma 4mm TFS 37C
GEL2 Thu  fqt   vs   t/ns  1113105

parameter
q          0.8118730E-01
q_var      0.2992118E-03
q_unit_SI  0.1000000E+11
t_unit_SI  0.1000000E-08
temp       0.3036220E+03
numor1       11131
ref1         10770
bgr1         11123
withbgr          1
tfac_bgr  -0.1000000E+01
volfrac    0.7000000E+00
qbins           11
tbins           23
oor_cnt       2922
upd_cnt      25364

values
        tau/ns    S(q,t)/S(q)    err(sqt/sq)    var(sqt/sq)    var(tau)/ns   nupdates   Qeff/A**-1  
  0.3471452E-01  0.9971037E+00  0.9554198E-02  0.4943333E-01  0.4089891E-02        32  0.8163550E-01
  0.5147674E-01  0.1014392E+01  0.4518249E-02  0.3210776E-01  0.3188691E-02        64  0.8109112E-01
  0.7285471E-01  0.1000063E+01  0.6475569E-02  0.5692692E-01  0.8049368E-02        72  0.8127506E-01
  0.1057568E+00  0.9985260E+00  0.4247008E-02  0.4018455E-01  0.9715381E-02        90  0.8108678E-01
  0.1569668E+00  0.9767690E+00  0.8069177E-02  0.5668175E-01  0.2380779E-02        46  0.8137093E-01
  0.2108508E+00  0.9975130E+00  0.4260557E-02  0.3945517E-01  0.1943212E-01        90  0.8109671E-01
  0.3757922E+00  0.9928235E+00  0.4236627E-02  0.4039572E-01  0.3874568E-01        94  0.8124714E-01
  0.4899037E+00  0.9848568E+00  0.8676876E-02  0.5192439E-01  0.3779776E-02        42  0.8090513E-01
  0.6252049E+00  0.9767124E+00  0.8124007E-02  0.6171611E-01  0.7937166E-02        46  0.8161444E-01
  0.8384210E+00  0.9801854E+00  0.4036574E-02  0.3693685E-01  0.6998834E-01        90  0.8100796E-01
  0.1429279E+01  0.9673219E+00  0.3957871E-02  0.4043681E-01  0.1260199E+00        94  0.8117276E-01
  0.2114412E+01  0.9628667E+00  0.5725442E-02  0.6107084E-01  0.2553190E+00        88  0.8121204E-01
  0.2997934E+01  0.9345084E+00  0.4568326E-02  0.4487944E-01  0.4598383E-01        64  0.8098824E-01
  0.4638842E+01  0.9164452E+00  0.4225781E-02  0.5318839E-01  0.5115378E+00       120  0.8107949E-01
  0.6129009E+01  0.8956733E+00  0.9931489E-02  0.7945323E-01  0.5638322E-01        42  0.8114034E-01
  0.9229638E+01  0.8554551E+00  0.5153933E-02  0.5962868E-01  0.9394362E+00       107  0.8132918E-01
  0.1202006E+02  0.8074906E+00  0.9882402E-02  0.6168662E-01  0.3581470E+00        54  0.8152415E-01
  0.1508622E+02  0.7581193E+00  0.5851099E-02  0.7067111E-01  0.4008501E+00       104  0.8164965E-01
  0.2032176E+02  0.7173554E+00  0.6274222E-02  0.7867676E-01  0.1607339E+01       137  0.8168350E-01
  0.2966449E+02  0.6386629E+00  0.4871774E-02  0.8970887E-01  0.4282725E+01       339  0.8106583E-01
  0.4696463E+02  0.5120899E+00  0.6710862E-02  0.1105462E+00  0.6206152E+01       348  0.8094241E-01
  0.7086582E+02  0.4393105E+00  0.1304261E-01  0.1512999E+00  0.5963900E+01       188  0.8077744E-01
  0.9728422E+02  0.2836958E+00  0.3157394E-01  0.1796946E+00  0.7442229E+01        66  0.8041213E-01

#nxt
GEL2 GEL2 in Hellma 4mm TFS 37C
GEL2 Thu  fqt   vs   t/ns  1113106

parameter
q          0.8990785E-01
q_var      0.4465310E-03
q_unit_SI  0.1000000E+11
t_unit_SI  0.1000000E-08
temp       0.3036220E+03
numor1       11131
ref1         10770
bgr1         11123
withbgr          1
tfac_bgr  -0.1000000E+01
volfrac    0.7000000E+00
qbins           11
tbins           23
oor_cnt       2922
upd_cnt      25364

values
        tau/ns    S(q,t)/S(q)    err(sqt/sq)    var(sqt/sq)    var(tau)/ns   nupdates   Qeff/A**-1  
  0.3492098E-01  0.1010939E+01  0.1062294E-01  0.5065812E-01  0.4086094E-02        30  0.9027828E-01
  0.5181383E-01  0.1006069E+01  0.5299795E-02  0.3362249E-01  0.3370705E-02        54  0.8991732E-01
  0.7301445E-01  0.9920022E+00  0.7568203E-02  0.5532885E-01  0.7926341E-02        58  0.8991996E-01
  0.1059478E+00  0.9889128E+00  0.4822401E-02  0.4363637E-01  0.9434419E-02        80  0.9015245E-01
  0.1566868E+00  0.9803597E+00  0.9535887E-02  0.5735249E-01  0.2478985E-02        34  0.8995660E-01
  0.2113696E+00  0.9972851E+00  0.4872873E-02  0.4528188E-01  0.1892543E-01        80  0.9011460E-01
  0.3762110E+00  0.9907089E+00  0.5037351E-02  0.3811774E-01  0.3974697E-01        74  0.8987593E-01
  0.4895634E+00  0.9760362E+00  0.9885388E-02  0.5187033E-01  0.3843142E-02        38  0.9007079E-01
  0.6247708E+00  0.9817336E+00  0.9568701E-02  0.5593352E-01  0.8060983E-02        34  0.8983835E-01
  0.8396553E+00  0.9849618E+00  0.4619111E-02  0.4997302E-01  0.6699379E-01        80  0.9011573E-01
  0.1439064E+01  0.9626233E+00  0.4534879E-02  0.3324784E-01  0.1274259E+00        76  0.9010178E-01
  0.2107709E+01  0.9498495E+00  0.6673870E-02  0.6897505E-01  0.2564682E+00        72  0.9000871E-01
  0.3009493E+01  0.9267172E+00  0.5362544E-02  0.4951621E-01  0.4325542E-01        54  0.8976053E-01
  0.4672927E+01  0.8919421E+00  0.4977507E-02  0.5891403E-01  0.5091533E+00        98  0.8964515E-01
  0.6126683E+01  0.8652018E+00  0.1103186E-01  0.8655366E-01  0.5666219E-01        37  0.9049452E-01
  0.9285968E+01  0.8056693E+00  0.6126110E-02  0.5486800E-01  0.9386054E+00        86  0.8973026E-01
  0.1211416E+02  0.7559691E+00  0.1105071E-01  0.8215556E-01  0.3133267E+00        51  0.9056569E-01
  0.1521200E+02  0.7096285E+00  0.7470344E-02  0.7492096E-01  0.3790211E+00        85  0.9015278E-01
  0.2051557E+02  0.6653500E+00  0.8214349E-02  0.7719312E-01  0.1846266E+01       108  0.9059385E-01
  0.3041025E+02  0.5765991E+00  0.5848214E-02  0.9896645E-01  0.4145519E+01       255  0.8962140E-01
  0.4672882E+02  0.4544311E+00  0.8272851E-02  0.1068842E+00  0.6056808E+01       207  0.8914732E-01
  0.6992011E+02  0.3427209E+00  0.1410688E-01  0.1083806E+00  0.5672143E+01        98  0.8864875E-01
  0.9379441E+02  0.2091704E+00  0.9182526E-01  0.3068250E+00  0.4203943E+01        27  0.8916989E-01

#nxt
GEL2 GEL2 in Hellma 4mm TFS 37C
GEL2 Thu  fqt   vs   t/ns  1113107

parameter
q          0.9862470E-01
q_var      0.1056641E-02
q_unit_SI  0.1000000E+11
t_unit_SI  0.1000000E-08
temp       0.3036220E+03
numor1       11131
ref1         10770
bgr1         11123
withbgr          1
tfac_bgr  -0.1000000E+01
volfrac    0.7000000E+00
qbins           11
tbins           23
oor_cnt       2922
upd_cnt      25364

values
        tau/ns    S(q,t)/S(q)    err(sqt/sq)    var(sqt/sq)    var(tau)/ns   nupdates   Qeff/A**-1  
  0.3467897E-01  0.1024986E+01  0.9928452E-02  0.5604306E-01  0.4091757E-02        48  0.9892623E-01
  0.5208155E-01  0.1003006E+01  0.5306124E-02  0.4676316E-01  0.3522804E-02        76  0.9872234E-01
  0.7370851E-01  0.1014747E+01  0.7539595E-02  0.6348488E-01  0.7647499E-02        70  0.9885466E-01
  0.1068173E+00  0.9954838E+00  0.5264217E-02  0.5367796E-01  0.9905808E-02        94  0.9919769E-01
  0.1566355E+00  0.9839544E+00  0.9038642E-02  0.7465848E-01  0.2519662E-02        50  0.9874700E-01
  0.2130508E+00  0.9935045E+00  0.5274375E-02  0.5785617E-01  0.1977033E-01        94  0.9914249E-01
  0.3748244E+00  0.9749255E+00  0.4911580E-02  0.5418477E-01  0.4109667E-01       104  0.9875806E-01
  0.4890587E+00  0.9768907E+00  0.9612992E-02  0.5035347E-01  0.3915629E-02        44  0.9918481E-01
  0.6246882E+00  0.9664314E+00  0.8861736E-02  0.6940440E-01  0.8178959E-02        50  0.9875365E-01
  0.8474363E+00  0.9825539E+00  0.5053005E-02  0.4780180E-01  0.6993169E-01        96  0.9913276E-01
  0.1416922E+01  0.9474927E+00  0.4825166E-02  0.4880651E-01  0.1397736E+00       102  0.9899505E-01
  0.2119879E+01  0.9228089E+00  0.6348979E-02  0.5703429E-01  0.2552036E+00        92  0.9880999E-01
  0.3015969E+01  0.9083496E+00  0.5336297E-02  0.4946040E-01  0.4527577E-01        78  0.9897449E-01
  0.4679436E+01  0.8725210E+00  0.4716204E-02  0.6523768E-01  0.5139087E+00       124  0.9898223E-01
  0.6135007E+01  0.8549746E+00  0.1161710E-01  0.7728543E-01  0.5529233E-01        41  0.9978817E-01
  0.9314199E+01  0.7721185E+00  0.5338781E-02  0.6699100E-01  0.9791862E+00       124  0.9905328E-01
  0.1204020E+02  0.7014066E+00  0.1109741E-01  0.8339648E-01  0.3669789E+00        64  0.9973108E-01
  0.1518532E+02  0.6657673E+00  0.6238437E-02  0.7734518E-01  0.3743671E+00       118  0.9908468E-01
  0.2045523E+02  0.6057458E+00  0.6786424E-02  0.7794492E-01  0.1640161E+01       127  0.9908691E-01
  0.2887272E+02  0.5311371E+00  0.6061428E-02  0.9561709E-01  0.4117585E+01       240  0.9786948E-01
  0.4596649E+02  0.4151765E+00  0.1090173E-01  0.1153835E+00  0.6172506E+01       199  0.9644844E-01
  0.7005970E+02  0.3273090E+00  0.2297082E-01  0.1759319E+00  0.5567451E+01       105  0.9499880E-01
  0.9534974E+02  0.1191020E+00  0.3366674E+00  0.9351589E+00  0.6099910E+01        31  0.9712592E-01

#nxt
GEL2 GEL2 in Hellma 4mm TFS 37C
GEL2 Thu  fqt   vs   t/ns  1113108

parameter
q          0.1090403E+00
q_var      0.7397997E-03
q_unit_SI  0.1000000E+11
t_unit_SI  0.1000000E-08
temp       0.3036220E+03
numor1       11131
ref1         10770
bgr1         11123
withbgr          1
tfac_bgr  -0.1000000E+01
volfrac    0.7000000E+00
qbins           11
tbins           23
oor_cnt       2922
upd_cnt      25364

values
        tau/ns    S(q,t)/S(q)    err(sqt/sq)    var(sqt/sq)    var(tau)/ns   nupdates   Qeff/A**-1  
  0.3473321E-01  0.9850439E+00  0.1180784E-01  0.8549218E-01  0.4094359E-02        46  0.1091948E+00
  0.5234538E-01  0.1007172E+01  0.6199884E-02  0.4890302E-01  0.3531834E-02        58  0.1088914E+00
  0.7266222E-01  0.9850678E+00  0.9210110E-02  0.7496517E-01  0.7955876E-02        76  0.1091057E+00
  0.1068401E+00  0.9880388E+00  0.5914416E-02  0.5579010E-01  0.9500934E-02        82  0.1088931E+00
  0.1565411E+00  0.9680922E+00  0.1156374E-01  0.7595210E-01  0.2544107E-02        52  0.1093475E+00
  0.2138465E+00  0.9838486E+00  0.5910599E-02  0.6185524E-01  0.1937768E-01        82  0.1088425E+00
  0.3783800E+00  0.9687001E+00  0.5978419E-02  0.6042533E-01  0.4051615E-01        86  0.1090696E+00
  0.4893501E+00  0.9525570E+00  0.1133195E-01  0.8483933E-01  0.3875009E-02        46  0.1090505E+00
  0.6241776E+00  0.9408677E+00  0.1152582E-01  0.8829745E-01  0.8267630E-02        52  0.1093923E+00
  0.8454639E+00  0.9578421E+00  0.5651533E-02  0.4676326E-01  0.6596728E-01        80  0.1089609E+00
  0.1435740E+01  0.9330441E+00  0.5602373E-02  0.5483615E-01  0.1373554E+00        86  0.1090224E+00
  0.2085079E+01  0.9017169E+00  0.7753072E-02  0.8063936E-01  0.2554204E+00       100  0.1090291E+00
  0.3023760E+01  0.8823525E+00  0.6342384E-02  0.4439305E-01  0.4405773E-01        56  0.1092359E+00
  0.4673850E+01  0.8312944E+00  0.5889821E-02  0.6857646E-01  0.5368578E+00       110  0.1095079E+00
  0.6130362E+01  0.7831236E+00  0.1333619E-01  0.7929532E-01  0.5599806E-01        48  0.1092952E+00
  0.9318775E+01  0.7156637E+00  0.7102958E-02  0.7634936E-01  0.9869768E+00       109  0.1098856E+00
  0.1199742E+02  0.6682068E+00  0.1362699E-01  0.1031822E+00  0.3698274E+00        69  0.1099543E+00
  0.1520205E+02  0.6061232E+00  0.8801608E-02  0.7431669E-01  0.3497110E+00       101  0.1099119E+00
  0.2035734E+02  0.5430761E+00  0.9762472E-02  0.9968843E-01  0.1565120E+01       118  0.1094313E+00
  0.2712506E+02  0.4650009E+00  0.1089520E-01  0.1468939E+00  0.2971818E+01       193  0.1088551E+00
  0.4387043E+02  0.3372563E+00  0.2601479E-01  0.1987633E+00  0.6466137E+01       126  0.1064572E+00
  0.6879242E+02  0.2108255E+00  0.2164122E+00  0.8169764E+00  0.4579409E+01        44  0.1075529E+00

#nxt
GEL2 GEL2 in Hellma 4mm TFS 37C
GEL2 Thu  fqt   vs   t/ns  1113109

parameter
q          0.1191686E+00
q_var      0.9975002E-03
q_unit_SI  0.1000000E+11
t_unit_SI  0.1000000E-08
temp       0.3036220E+03
numor1       11131
ref1         10770
bgr1         11123
withbgr          1
tfac_bgr  -0.1000000E+01
volfrac    0.7000000E+00
qbins           11
tbins           23
oor_cnt       2922
upd_cnt      25364

values
        tau/ns    S(q,t)/S(q)    err(sqt/sq)    var(sqt/sq)    var(tau)/ns   nupdates   Qeff/A**-1  
  0.3499377E-01  0.9612900E+00  0.1318500E-01  0.8293940E-01  0.4083907E-02        42  0.1200730E+00
  0.5189988E-01  0.9798206E+00  0.7679154E-02  0.6705658E-01  0.3814144E-02        80  0.1192343E+00
  0.7316329E-01  0.9596269E+00  0.1105590E-01  0.8441880E-01  0.7618845E-02        64  0.1194433E+00
  0.1063384E+00  0.9742106E+00  0.7376929E-02  0.7381561E-01  0.1013740E-01       105  0.1192369E+00
  0.1560982E+00  0.9647467E+00  0.1367776E-01  0.6145936E-01  0.2560022E-02        38  0.1196446E+00
  0.2121968E+00  0.9461435E+00  0.7307786E-02  0.9583355E-01  0.2038291E-01       106  0.1192706E+00
  0.3747644E+00  0.9636470E+00  0.7458570E-02  0.8333131E-01  0.4032773E-01        96  0.1192592E+00
  0.4892241E+00  0.9331624E+00  0.1387036E-01  0.8906459E-01  0.3886778E-02        48  0.1197289E+00
  0.6223808E+00  0.9587942E+00  0.1367424E-01  0.9388991E-01  0.8162801E-02        38  0.1196238E+00
  0.8398881E+00  0.9556175E+00  0.7165478E-02  0.6076850E-01  0.7024478E-01       105  0.1191247E+00
  0.1420057E+01  0.9141393E+00  0.6964629E-02  0.6657385E-01  0.1397892E+00        96  0.1192305E+00
  0.2100097E+01  0.8824048E+00  0.9527777E-02  0.8982730E-01  0.2524765E+00        86  0.1196957E+00
  0.3006334E+01  0.8337111E+00  0.8166919E-02  0.8541640E-01  0.6565853E-01        80  0.1193149E+00
  0.4619817E+01  0.7705484E+00  0.7557229E-02  0.8555652E-01  0.5479840E+00       122  0.1194581E+00
  0.6123542E+01  0.7661565E+00  0.1686936E-01  0.9405605E-01  0.5661105E-01        48  0.1197660E+00
  0.9240243E+01  0.6605953E+00  0.9204610E-02  0.8751938E-01  0.1009745E+01       118  0.1194799E+00
  0.1202924E+02  0.5906702E+00  0.1738065E-01  0.1295628E+00  0.3578112E+00        68  0.1199080E+00
  0.1520603E+02  0.5440685E+00  0.1115017E-01  0.9249909E-01  0.3273449E+00       104  0.1191348E+00
  0.2015165E+02  0.5161021E+00  0.1338635E-01  0.1214803E+00  0.1311709E+01       117  0.1190239E+00
  0.2606594E+02  0.4235583E+00  0.1625205E-01  0.1283388E+00  0.2370772E+01       133  0.1189171E+00
  0.4004867E+02  0.3887304E+00  0.7536560E-01  0.3365019E+00  0.2471008E+01        47  0.1181913E+00
  0.6718570E+02  0.8121752E+00  0.5292803E+01  0.3639739E-01  0.0000000E+00         2  0.1149506E+00

#nxt
GEL2 GEL2 in Hellma 4mm TFS 37C
GEL2 Thu  fqt   vs   t/ns  1113110

parameter
q          0.1334906E+00
q_var      0.9147414E-03
q_unit_SI  0.1000000E+11
t_unit_SI  0.1000000E-08
temp       0.3036220E+03
numor1       11131
ref1         10770
bgr1         11123
withbgr          1
tfac_bgr  -0.1000000E+01
volfrac    0.7000000E+00
qbins           11
tbins           23
oor_cnt       2922
upd_cnt      25364

values
        tau/ns    S(q,t)/S(q)    err(sqt/sq)    var(sqt/sq)    var(tau)/ns   nupdates   Qeff/A**-1  
  0.3428347E-01  0.9242713E+00  0.1479268E-01  0.1429958E+00  0.4071271E-02        80  0.1352312E+00
  0.5169031E-01  0.9706792E+00  0.8308308E-02  0.7759358E-01  0.4193632E-02       104  0.1342474E+00
  0.7317508E-01  0.9693059E+00  0.1286763E-01  0.1228093E+00  0.7807623E-02       106  0.1334586E+00
  0.1055150E+00  0.9658186E+00  0.8128683E-02  0.9893249E-01  0.1042959E-01       140  0.1338870E+00
  0.1562246E+00  0.9666027E+00  0.1649023E-01  0.1513983E+00  0.2632795E-02        72  0.1340938E+00
  0.2108670E+00  0.9530128E+00  0.8104027E-02  0.9052471E-01  0.2120851E-01       138  0.1338137E+00
  0.3751377E+00  0.9083451E+00  0.8062852E-02  0.1044630E+00  0.3844781E-01       140  0.1338348E+00
  0.4886715E+00  0.9149846E+00  0.1522215E-01  0.1157206E+00  0.3856901E-02        72  0.1336422E+00
  0.6231723E+00  0.9314160E+00  0.1605257E-01  0.1320618E+00  0.8571924E-02        72  0.1337966E+00
  0.8366376E+00  0.9244020E+00  0.7825841E-02  0.9365493E-01  0.7366659E-01       136  0.1338393E+00
  0.1413218E+01  0.8696475E+00  0.7648241E-02  0.9138851E-01  0.1339263E+00       140  0.1337932E+00
  0.2085773E+01  0.8324275E+00  0.1073543E-01  0.1202754E+00  0.2559896E+00       142  0.1338427E+00
  0.2982300E+01  0.7994366E+00  0.8587806E-02  0.8483271E-01  0.9081843E-01       104  0.1338457E+00
  0.4643904E+01  0.7319766E+00  0.8173713E-02  0.1128824E+00  0.5065244E+00       172  0.1331935E+00
  0.6121022E+01  0.6742620E+00  0.1793843E-01  0.1613745E+00  0.5492219E-01        70  0.1338581E+00
  0.9169346E+01  0.6095983E+00  0.9686068E-02  0.1024545E+00  0.9566022E+00       170  0.1326453E+00
  0.1250247E+02  0.5446603E+00  0.1671800E-01  0.1496638E+00  0.9224478E+00       121  0.1343875E+00
  0.1530200E+02  0.5071822E+00  0.1306504E-01  0.1450780E+00  0.3753251E+00       139  0.1315429E+00
  0.2062255E+02  0.4165945E+00  0.1362393E-01  0.1438176E+00  0.1925648E+01       171  0.1323563E+00
  0.2713732E+02  0.3743905E+00  0.1921537E-01  0.1923897E+00  0.3097802E+01       127  0.1311730E+00
  0.3958422E+02  0.3804128E+00  0.4810491E-01  0.1774861E+00  0.2514315E-04        26  0.1328191E+00

#nxt
GEL2 GEL2 in Hellma 4mm TFS 37C
GEL2 Thu  fqt   vs   t/ns  1113111

parameter
q          0.1541047E+00
q_var      0.7384310E-03
q_unit_SI  0.1000000E+11
t_unit_SI  0.1000000E-08
temp       0.3036220E+03
numor1       11131
ref1         10770
bgr1         11123
withbgr          1
tfac_bgr  -0.1000000E+01
volfrac    0.7000000E+00
qbins           11
tbins           23
oor_cnt       2922
upd_cnt      25364

values
        tau/ns    S(q,t)/S(q)    err(sqt/sq)    var(sqt/sq)    var(tau)/ns   nupdates   Qeff/A**-1  
  0.3450510E-01  0.8993562E+00  0.2687670E-01  0.1534179E+00  0.4082683E-02        62  0.1553709E+00
  0.5023435E-01  0.9347234E+00  0.1668198E-01  0.1509631E+00  0.4681440E-02        78  0.1543979E+00
  0.7245961E-01  0.9433543E+00  0.2813134E-01  0.2228595E+00  0.7427118E-02        68  0.1540738E+00
  0.1032835E+00  0.9132068E+00  0.1607795E-01  0.1711213E+00  0.1186774E-01        95  0.1546283E+00
  0.1552155E+00  0.8906006E+00  0.3349362E-01  0.1946348E+00  0.2591656E-02        48  0.1541512E+00
  0.2066493E+00  0.8779283E+00  0.1566625E-01  0.1662252E+00  0.2389375E-01        98  0.1544810E+00
  0.3642180E+00  0.9128914E+00  0.1686469E-01  0.1568336E+00  0.3336616E-01        94  0.1540610E+00
  0.4877419E+00  0.8466301E+00  0.3037019E-01  0.2239789E+00  0.3996872E-02        50  0.1547812E+00
  0.6205003E+00  0.8427590E+00  0.3258755E-01  0.1895281E+00  0.8641138E-02        47  0.1538092E+00
  0.8259229E+00  0.8598738E+00  0.1509789E-01  0.1502491E+00  0.8938014E-01        99  0.1542798E+00
  0.1372642E+01  0.8033299E+00  0.1566286E-01  0.1718579E+00  0.1142047E+00        94  0.1542582E+00
  0.2054475E+01  0.7402279E+00  0.2116398E-01  0.1952985E+00  0.2471356E+00        99  0.1544757E+00
  0.2883559E+01  0.6981167E+00  0.1618229E-01  0.1662489E+00  0.8460972E-01        78  0.1546806E+00
  0.4498568E+01  0.6426545E+00  0.1500383E-01  0.1546299E+00  0.4409862E+00       115  0.1540477E+00
  0.6117732E+01  0.6101319E+00  0.3436397E-01  0.2204666E+00  0.5855424E-01        51  0.1546341E+00
  0.9101376E+01  0.4909991E+00  0.1781326E-01  0.1692396E+00  0.6956804E+00       126  0.1541866E+00
  0.1324169E+02  0.4585629E+00  0.2185986E-01  0.1855331E+00  0.9994121E+00        93  0.1539957E+00
  0.1505234E+02  0.3757217E+00  0.3728289E-01  0.2773452E+00  0.4304878E+00       103  0.1532802E+00
  0.2014200E+02  0.3158731E+00  0.2087275E-01  0.1951782E+00  0.2099875E+01       125  0.1540772E+00
  0.2677259E+02  0.3070336E+00  0.4698171E-01  0.3307211E+00  0.3061712E+01        81  0.1517575E+00
  0.3958422E+02  0.2469441E+00  0.4957287E+00  0.1300739E+01  0.0000000E+00        16  0.1527704E+00

#nxt
