MIC1 MIC1 in Hellma 4mm TFS 37C
MIC1 Sat  fqt   vs   t/ns  1110201

parameter
q          0.3783115E-01
q_var      0.5400764E-03
q_unit_SI  0.1000000E+11
t_unit_SI  0.1000000E-08
temp       0.3035050E+03
numor1       11102
ref1         10770
bgr1         11123
withbgr          1
tfac_bgr  -0.1000000E+01
volfrac    0.7000000E+00
qbins           11
tbins           25
oor_cnt       2946
upd_cnt      25338

values
        tau/ns    S(q,t)/S(q)    err(sqt/sq)    var(sqt/sq)    var(tau)/ns   nupdates   Qeff/A**-1  
  0.3053599E-01  0.1030185E+01  0.2005332E-01  0.3326869E-01  0.0000000E+00         4  0.3785841E-01
  0.3871383E-01  0.9906938E+00  0.1570198E-01  0.1226975E-01  0.0000000E+00         8  0.3802767E-01
  0.5065177E-01  0.1005517E+01  0.5855522E-02  0.2744386E-01  0.3166992E-02        26  0.3665770E-01
  0.7356972E-01  0.1000392E+01  0.8702032E-02  0.5584831E-01  0.7575553E-02        36  0.3812983E-01
  0.1046508E+00  0.1006690E+01  0.5161809E-02  0.3754756E-01  0.9226919E-02        58  0.3683109E-01
  0.1487595E+00  0.1016750E+01  0.4873419E-02  0.4787002E-01  0.7394765E-02        86  0.3785835E-01
  0.2138811E+00  0.9932363E+00  0.3642092E-02  0.4369998E-01  0.2286500E-01       152  0.3732271E-01
  0.3500886E+00  0.9924312E+00  0.4437819E-02  0.5039812E-01  0.4763117E-01       122  0.3722833E-01
  0.4807941E+00  0.1000951E+01  0.4812302E-02  0.5198539E-01  0.3618282E-01       100  0.3765209E-01
  0.7383868E+00  0.1001132E+01  0.4668324E-02  0.4656485E-01  0.6810267E-01        88  0.3727733E-01
  0.9353576E+00  0.9728292E+00  0.4942890E-02  0.4375722E-01  0.4433029E-01        78  0.3763945E-01
  0.1255431E+01  0.9702970E+00  0.6352800E-02  0.6934167E-01  0.8572216E-01        88  0.3812793E-01
  0.1657347E+01  0.9790854E+00  0.3737446E-02  0.4081369E-01  0.1534244E+00       100  0.3717535E-01
  0.2342048E+01  0.9737834E+00  0.7223212E-02  0.5816341E-01  0.1488971E+00        68  0.3810037E-01
  0.3230052E+01  0.9706240E+00  0.3778686E-02  0.4096547E-01  0.3351577E+00       108  0.3739777E-01
  0.4678036E+01  0.9566641E+00  0.4480201E-02  0.6482400E-01  0.4319100E+00       140  0.3790627E-01
  0.6537849E+01  0.9514600E+00  0.4569323E-02  0.5084063E-01  0.9132638E+00       125  0.3799875E-01
  0.1096869E+02  0.9310336E+00  0.4841335E-02  0.6517528E-01  0.1134624E+01       116  0.3856083E-01
  0.1449128E+02  0.9083704E+00  0.6816735E-02  0.6480474E-01  0.9833208E+00       118  0.3912985E-01
  0.1869499E+02  0.9017847E+00  0.4910278E-02  0.6375855E-01  0.1627898E+01       185  0.3828227E-01
  0.2681509E+02  0.8783227E+00  0.4295020E-02  0.7166240E-01  0.2829739E+01       273  0.3820482E-01
  0.3813814E+02  0.8354579E+00  0.4766863E-02  0.7996827E-01  0.3307307E+01       285  0.3797708E-01
  0.5264612E+02  0.8111908E+00  0.6990535E-02  0.1051329E+00  0.3457473E+01       228  0.3830580E-01
  0.7244166E+02  0.7544993E+00  0.7901209E-02  0.1310407E+00  0.8878520E+01       264  0.3789340E-01
  0.1101302E+03  0.6365831E+00  0.4679017E-01  0.2621554E+00  0.1498804E-02        30  0.3823535E-01

#nxt
MIC1 MIC1 in Hellma 4mm TFS 37C
MIC1 Sat  fqt   vs   t/ns  1110202

parameter
q          0.4996273E-01
q_var      0.4084180E-03
q_unit_SI  0.1000000E+11
t_unit_SI  0.1000000E-08
temp       0.3035050E+03
numor1       11102
ref1         10770
bgr1         11123
withbgr          1
tfac_bgr  -0.1000000E+01
volfrac    0.7000000E+00
qbins           11
tbins           25
oor_cnt       2946
upd_cnt      25338

values
        tau/ns    S(q,t)/S(q)    err(sqt/sq)    var(sqt/sq)    var(tau)/ns   nupdates   Qeff/A**-1  
  0.3053599E-01  0.9903049E+00  0.1718697E-01  0.4606114E-01  0.0000000E+00        10  0.4953837E-01
  0.3871383E-01  0.1019454E+01  0.1980257E-01  0.6710193E-01  0.0000000E+00         8  0.4989119E-01
  0.5106116E-01  0.1015874E+01  0.6380869E-02  0.3385571E-01  0.3687495E-02        32  0.5061844E-01
  0.7287590E-01  0.1009166E+01  0.8406127E-02  0.5074021E-01  0.8073685E-02        38  0.5034600E-01
  0.1065089E+00  0.1018163E+01  0.5640441E-02  0.4028507E-01  0.1048076E-01        56  0.5045866E-01
  0.1492690E+00  0.1007872E+01  0.5461774E-02  0.3818090E-01  0.7796743E-02        64  0.4996238E-01
  0.2138784E+00  0.9846975E+00  0.4146414E-02  0.4819264E-01  0.2246819E-01       110  0.5008061E-01
  0.3468893E+00  0.9848689E+00  0.4787100E-02  0.5709666E-01  0.5152732E-01        98  0.5030243E-01
  0.4792923E+00  0.9892645E+00  0.5267583E-02  0.5390344E-01  0.3419427E-01        78  0.4993383E-01
  0.7373396E+00  0.9966234E+00  0.5202285E-02  0.4400786E-01  0.7031716E-01        70  0.5036796E-01
  0.9363892E+00  0.9765185E+00  0.5376096E-02  0.5045326E-01  0.4572155E-01        64  0.4992670E-01
  0.1254332E+01  0.9710735E+00  0.7228182E-02  0.7422863E-01  0.7820577E-01        62  0.4972490E-01
  0.1657341E+01  0.9912391E+00  0.4178841E-02  0.3743675E-01  0.1562117E+00        86  0.5025631E-01
  0.2347744E+01  0.9740938E+00  0.8010572E-02  0.5475203E-01  0.1272909E+00        52  0.4983825E-01
  0.3212926E+01  0.9726472E+00  0.4273353E-02  0.4002891E-01  0.3263619E+00        82  0.5019492E-01
  0.4639532E+01  0.9485656E+00  0.4717283E-02  0.5570856E-01  0.4626712E+00       114  0.5054768E-01
  0.6496205E+01  0.9328657E+00  0.4859215E-02  0.5160350E-01  0.8661875E+00       101  0.4977207E-01
  0.1081944E+02  0.9081534E+00  0.4695818E-02  0.4459693E-01  0.1139385E+01        98  0.5008450E-01
  0.1443878E+02  0.8803031E+00  0.6181570E-02  0.7054194E-01  0.1046602E+01       103  0.5048663E-01
  0.1878451E+02  0.8596724E+00  0.4747590E-02  0.5923609E-01  0.1501808E+01       143  0.4976576E-01
  0.2694226E+02  0.8127051E+00  0.3899871E-02  0.6774371E-01  0.2857836E+01       258  0.4967845E-01
  0.3817275E+02  0.7838113E+00  0.4528920E-02  0.7103991E-01  0.3197016E+01       266  0.4957979E-01
  0.5281450E+02  0.7118737E+00  0.6644365E-02  0.8681756E-01  0.3288901E+01       219  0.4954302E-01
  0.7114255E+02  0.6488603E+00  0.7724696E-02  0.1136207E+00  0.7701654E+01       252  0.4905258E-01
  0.1101354E+03  0.5783708E+00  0.5478679E-01  0.1938136E+00  0.4835501E-02        26  0.4911672E-01

#nxt
MIC1 MIC1 in Hellma 4mm TFS 37C
MIC1 Sat  fqt   vs   t/ns  1110203

parameter
q          0.6023521E-01
q_var      0.4329854E-03
q_unit_SI  0.1000000E+11
t_unit_SI  0.1000000E-08
temp       0.3035050E+03
numor1       11102
ref1         10770
bgr1         11123
withbgr          1
tfac_bgr  -0.1000000E+01
volfrac    0.7000000E+00
qbins           11
tbins           25
oor_cnt       2946
upd_cnt      25338

values
        tau/ns    S(q,t)/S(q)    err(sqt/sq)    var(sqt/sq)    var(tau)/ns   nupdates   Qeff/A**-1  
  0.3053599E-01  0.9920508E+00  0.1754488E-01  0.3965493E-01  0.0000000E+00         8  0.6115549E-01
  0.3873756E-01  0.9884465E+00  0.1312503E-01  0.4852254E-01  0.3325148E-04        14  0.6068246E-01
  0.5099840E-01  0.1006454E+01  0.5058308E-02  0.3343800E-01  0.2820025E-02        40  0.5991945E-01
  0.7292363E-01  0.1004334E+01  0.6692379E-02  0.5508810E-01  0.7951800E-02        60  0.6055210E-01
  0.1057825E+00  0.1001633E+01  0.4510647E-02  0.4139258E-01  0.9545959E-02        76  0.6001665E-01
  0.1516102E+00  0.9938988E+00  0.5975462E-02  0.4896101E-01  0.7632102E-02        74  0.5989528E-01
  0.2072721E+00  0.9973062E+00  0.4259103E-02  0.4625594E-01  0.1930603E-01       114  0.5965893E-01
  0.3388077E+00  0.9892507E+00  0.4631278E-02  0.4918572E-01  0.5340530E-01       120  0.6035301E-01
  0.4519448E+00  0.9974897E+00  0.5169066E-02  0.4868239E-01  0.4294251E-01        90  0.5955303E-01
  0.7194686E+00  0.9844516E+00  0.4953358E-02  0.4827052E-01  0.7694564E-01        84  0.6028273E-01
  0.8924452E+00  0.9822440E+00  0.4982101E-02  0.4766126E-01  0.7370521E-01        76  0.5949348E-01
  0.1243998E+01  0.9837281E+00  0.6866236E-02  0.7552726E-01  0.6900249E-01        76  0.6018830E-01
  0.1617311E+01  0.9776873E+00  0.3949517E-02  0.3920613E-01  0.1533183E+00        98  0.5981181E-01
  0.2337975E+01  0.9599400E+00  0.7618098E-02  0.6571797E-01  0.7269445E-01        62  0.6019065E-01
  0.3092336E+01  0.9553641E+00  0.4187900E-02  0.4117261E-01  0.2745166E+00        90  0.5987479E-01
  0.4624354E+01  0.9329931E+00  0.4200290E-02  0.5996599E-01  0.4774285E+00       140  0.6038697E-01
  0.6663527E+01  0.9127267E+00  0.5694923E-02  0.6506289E-01  0.8662913E+00       116  0.5978877E-01
  0.1027080E+02  0.8812005E+00  0.5164706E-02  0.5520118E-01  0.1048488E+01       107  0.6049341E-01
  0.1450123E+02  0.8452254E+00  0.5516400E-02  0.6788471E-01  0.1111095E+01       129  0.6074928E-01
  0.1929106E+02  0.8052888E+00  0.6064445E-02  0.6763352E-01  0.1373203E+01       154  0.6024299E-01
  0.2697830E+02  0.7642817E+00  0.5054569E-02  0.7660027E-01  0.2859294E+01       281  0.6015934E-01
  0.3808539E+02  0.6889716E+00  0.5663067E-02  0.9976413E-01  0.3479968E+01       324  0.6036005E-01
  0.5270047E+02  0.6163141E+00  0.8460261E-02  0.1277956E+00  0.3782379E+01       253  0.6036200E-01
  0.7306961E+02  0.5330608E+00  0.1007548E-01  0.1370482E+00  0.9361108E+01       304  0.6050748E-01
  0.1101430E+03  0.3087994E+00  0.5009823E-01  0.1780387E+00  0.1898954E-01        36  0.6120191E-01

#nxt
MIC1 MIC1 in Hellma 4mm TFS 37C
MIC1 Sat  fqt   vs   t/ns  1110204

parameter
q          0.7082328E-01
q_var      0.4525376E-03
q_unit_SI  0.1000000E+11
t_unit_SI  0.1000000E-08
temp       0.3035050E+03
numor1       11102
ref1         10770
bgr1         11123
withbgr          1
tfac_bgr  -0.1000000E+01
volfrac    0.7000000E+00
qbins           11
tbins           25
oor_cnt       2946
upd_cnt      25338

values
        tau/ns    S(q,t)/S(q)    err(sqt/sq)    var(sqt/sq)    var(tau)/ns   nupdates   Qeff/A**-1  
  0.3056459E-01  0.9970229E+00  0.1330799E-01  0.4371798E-01  0.3118616E-04        14  0.6962249E-01
  0.3874916E-01  0.1010776E+01  0.1224460E-01  0.6825130E-01  0.3516389E-04        20  0.7161185E-01
  0.5143322E-01  0.1010574E+01  0.4586553E-02  0.2809290E-01  0.3399278E-02        54  0.7065987E-01
  0.7347223E-01  0.1000082E+01  0.6200433E-02  0.5313578E-01  0.7749794E-02        72  0.7132965E-01
  0.1057935E+00  0.9963071E+00  0.4276620E-02  0.3976192E-01  0.9892129E-02        88  0.7074300E-01
  0.1553507E+00  0.9785364E+00  0.7065401E-02  0.6593641E-01  0.5373955E-02        70  0.7052752E-01
  0.2047664E+00  0.9956349E+00  0.4539669E-02  0.4636223E-01  0.1529216E-01        86  0.7038511E-01
  0.3385134E+00  0.9881889E+00  0.4524128E-02  0.5130294E-01  0.5441271E-01       114  0.7089634E-01
  0.4425456E+00  0.9803175E+00  0.5487295E-02  0.5178420E-01  0.4185902E-01        66  0.7089541E-01
  0.7206177E+00  0.9865023E+00  0.4823099E-02  0.5069283E-01  0.8000607E-01        92  0.7069080E-01
  0.8780664E+00  0.9774481E+00  0.5254148E-02  0.4169707E-01  0.7491896E-01        66  0.7087133E-01
  0.1230255E+01  0.9736765E+00  0.6928116E-02  0.3968761E-01  0.5836932E-01        62  0.7106612E-01
  0.1583903E+01  0.9847444E+00  0.4080266E-02  0.4752179E-01  0.1483281E+00        96  0.7061872E-01
  0.2348715E+01  0.9636478E+00  0.7240408E-02  0.4356156E-01  0.3206183E-01        50  0.7121909E-01
  0.2998634E+01  0.9451744E+00  0.4486845E-02  0.5065629E-01  0.1232237E+00        86  0.7053257E-01
  0.4620701E+01  0.9386714E+00  0.4130376E-02  0.6275613E-01  0.4976418E+00       132  0.7095917E-01
  0.7076217E+01  0.9112287E+00  0.6533300E-02  0.5845938E-01  0.8519047E+00        94  0.7109822E-01
  0.1013614E+02  0.8491182E+00  0.5313209E-02  0.5868019E-01  0.7603479E+00       112  0.7131538E-01
  0.1470944E+02  0.8108001E+00  0.5296133E-02  0.6252547E-01  0.1001695E+01       140  0.7149461E-01
  0.1992078E+02  0.7581009E+00  0.6184873E-02  0.6657111E-01  0.1074753E+01       139  0.7142619E-01
  0.2750728E+02  0.7085028E+00  0.4401135E-02  0.7284688E-01  0.2709215E+01       326  0.7076845E-01
  0.3826378E+02  0.6323988E+00  0.4649639E-02  0.8484095E-01  0.3322460E+01       339  0.7051428E-01
  0.5305677E+02  0.5538040E+00  0.7165860E-02  0.1169424E+00  0.3189933E+01       284  0.7031042E-01
  0.7112716E+02  0.4434797E+00  0.8008619E-02  0.1142324E+00  0.7364130E+01       297  0.7006005E-01
  0.1102409E+03  0.3178528E+00  0.6904243E-01  0.2124684E+00  0.2830423E-01        29  0.7096533E-01

#nxt
MIC1 MIC1 in Hellma 4mm TFS 37C
MIC1 Sat  fqt   vs   t/ns  1110205

parameter
q          0.8117845E-01
q_var      0.4276672E-03
q_unit_SI  0.1000000E+11
t_unit_SI  0.1000000E-08
temp       0.3035050E+03
numor1       11102
ref1         10770
bgr1         11123
withbgr          1
tfac_bgr  -0.1000000E+01
volfrac    0.7000000E+00
qbins           11
tbins           25
oor_cnt       2946
upd_cnt      25338

values
        tau/ns    S(q,t)/S(q)    err(sqt/sq)    var(sqt/sq)    var(tau)/ns   nupdates   Qeff/A**-1  
  0.3056828E-01  0.1009222E+01  0.1356799E-01  0.3944503E-01  0.3128821E-04        18  0.8078497E-01
  0.3875336E-01  0.1002362E+01  0.1363137E-01  0.5156767E-01  0.3489293E-04        16  0.8257915E-01
  0.5153105E-01  0.1010384E+01  0.4546179E-02  0.3893293E-01  0.3269725E-02        66  0.8110125E-01
  0.7300754E-01  0.9994901E+00  0.6510728E-02  0.5028277E-01  0.7996322E-02        72  0.8127633E-01
  0.1059136E+00  0.9957775E+00  0.4256748E-02  0.4847860E-01  0.9805072E-02        92  0.8105152E-01
  0.1570399E+00  0.9932284E+00  0.8238073E-02  0.5593006E-01  0.2375680E-02        46  0.8130351E-01
  0.2049783E+00  0.1001660E+01  0.4651926E-02  0.4527642E-01  0.1373028E-01        66  0.8111986E-01
  0.3363993E+00  0.9903361E+00  0.4887813E-02  0.6367685E-01  0.5548496E-01       106  0.8101342E-01
  0.4385415E+00  0.9822146E+00  0.5340012E-02  0.4907445E-01  0.4086437E-01        58  0.8128125E-01
  0.7196600E+00  0.9654081E+00  0.5176048E-02  0.5353633E-01  0.7982203E-01        80  0.8101735E-01
  0.8699917E+00  0.9915363E+00  0.5061628E-02  0.3318045E-01  0.7234222E-01        58  0.8118582E-01
  0.1228314E+01  0.9781006E+00  0.7751476E-02  0.5241116E-01  0.5378944E-01        46  0.8134525E-01
  0.1584998E+01  0.9775633E+00  0.4082712E-02  0.4019373E-01  0.1461627E+00        92  0.8103830E-01
  0.2351045E+01  0.9618568E+00  0.7872043E-02  0.6155258E-01  0.3221957E-01        46  0.8137375E-01
  0.2998259E+01  0.9434449E+00  0.4630555E-02  0.4298195E-01  0.5283809E-01        66  0.8095874E-01
  0.4643777E+01  0.9205385E+00  0.4199897E-02  0.5179286E-01  0.5062844E+00       122  0.8095663E-01
  0.7013197E+01  0.8717343E+00  0.6834649E-02  0.6809183E-01  0.8511316E+00        88  0.8131414E-01
  0.1015930E+02  0.8309486E+00  0.5601529E-02  0.6232617E-01  0.7926051E+00        96  0.8145028E-01
  0.1472235E+02  0.7603023E+00  0.5483793E-02  0.6114030E-01  0.1012134E+01       132  0.8157017E-01
  0.1977075E+02  0.7116390E+00  0.6741976E-02  0.6948814E-01  0.9110629E+00       106  0.8186371E-01
  0.2708260E+02  0.6473570E+00  0.5280766E-02  0.8494555E-01  0.2794911E+01       247  0.8117462E-01
  0.3827938E+02  0.5547844E+00  0.6045771E-02  0.9701111E-01  0.3590930E+01       261  0.8101027E-01
  0.5275697E+02  0.4465617E+00  0.8811317E-02  0.1160482E+00  0.3855798E+01       204  0.8075763E-01
  0.7330492E+02  0.3762891E+00  0.1102007E-01  0.1338121E+00  0.9101244E+01       230  0.8080125E-01
  0.1102478E+03  0.3222638E+00  0.5940960E-01  0.2075400E+00  0.1033401E-01        20  0.8013199E-01

#nxt
MIC1 MIC1 in Hellma 4mm TFS 37C
MIC1 Sat  fqt   vs   t/ns  1110206

parameter
q          0.8991033E-01
q_var      0.4374779E-03
q_unit_SI  0.1000000E+11
t_unit_SI  0.1000000E-08
temp       0.3035050E+03
numor1       11102
ref1         10770
bgr1         11123
withbgr          1
tfac_bgr  -0.1000000E+01
volfrac    0.7000000E+00
qbins           11
tbins           25
oor_cnt       2946
upd_cnt      25338

values
        tau/ns    S(q,t)/S(q)    err(sqt/sq)    var(sqt/sq)    var(tau)/ns   nupdates   Qeff/A**-1  
  0.3057551E-01  0.1030525E+01  0.1642599E-01  0.4959389E-01  0.3020772E-04        12  0.9033388E-01
  0.3877309E-01  0.1002232E+01  0.1448491E-01  0.5115804E-01  0.3149589E-04        16  0.9022192E-01
  0.5161729E-01  0.1013352E+01  0.5095416E-02  0.3756194E-01  0.3068518E-02        56  0.9029301E-01
  0.7311356E-01  0.9888910E+00  0.7422636E-02  0.5326057E-01  0.7890619E-02        58  0.8984401E-01
  0.1059902E+00  0.1003992E+01  0.4893646E-02  0.4216012E-01  0.9435747E-02        78  0.9014921E-01
  0.1567478E+00  0.9759912E+00  0.9382764E-02  0.6385337E-01  0.2470283E-02        34  0.8982672E-01
  0.2057026E+00  0.1007706E+01  0.5284891E-02  0.3341396E-01  0.1326414E-01        54  0.9016757E-01
  0.3302802E+00  0.9872390E+00  0.5929264E-02  0.5914362E-01  0.5580589E-01        84  0.8975610E-01
  0.4334887E+00  0.9767935E+00  0.5640136E-02  0.4593642E-01  0.3924851E-01        52  0.9041171E-01
  0.7145229E+00  0.9751355E+00  0.6304872E-02  0.4161130E-01  0.8128940E-01        62  0.8980992E-01
  0.8612748E+00  0.9912044E+00  0.5444738E-02  0.3441231E-01  0.6877782E-01        52  0.9035321E-01
  0.1222402E+01  0.9830080E+00  0.9079092E-02  0.5780844E-01  0.5559672E-01        34  0.8988951E-01
  0.1588370E+01  0.9663451E+00  0.4578445E-02  0.4458064E-01  0.1416009E+00        78  0.9008410E-01
  0.2349354E+01  0.9442462E+00  0.9100499E-02  0.6341497E-01  0.3294839E-01        34  0.8986073E-01
  0.3015243E+01  0.9267917E+00  0.5076902E-02  0.4576376E-01  0.5036681E-01        54  0.9014371E-01
  0.4703114E+01  0.8859118E+00  0.4680981E-02  0.5425099E-01  0.5040607E+00       100  0.8996631E-01
  0.6942395E+01  0.8465727E+00  0.7771768E-02  0.6592324E-01  0.8635147E+00        69  0.9001549E-01
  0.1022368E+02  0.7743322E+00  0.6425548E-02  0.5935529E-01  0.8481164E+00        78  0.8979967E-01
  0.1471954E+02  0.7012556E+00  0.6543393E-02  0.8497930E-01  0.1166284E+01       108  0.9009116E-01
  0.1978054E+02  0.6450646E+00  0.8813988E-02  0.8903211E-01  0.1117673E+01        90  0.9065406E-01
  0.2760354E+02  0.5864841E+00  0.6257006E-02  0.9390084E-01  0.2808770E+01       199  0.8978869E-01
  0.3806002E+02  0.4940923E+00  0.6976820E-02  0.8387473E-01  0.3519597E+01       155  0.8904655E-01
  0.5281597E+02  0.3933772E+00  0.1089143E-01  0.8795765E-01  0.3316808E+01       132  0.8919049E-01
  0.7063137E+02  0.3178973E+00  0.1255311E-01  0.9006128E-01  0.6609650E+01       118  0.8870028E-01
  0.1102488E+03 -0.4202465E+00  0.3305922E+00  0.5706411E+00  0.0000000E+00        10  0.8936025E-01

#nxt
MIC1 MIC1 in Hellma 4mm TFS 37C
MIC1 Sat  fqt   vs   t/ns  1110207

parameter
q          0.9854627E-01
q_var      0.1045236E-02
q_unit_SI  0.1000000E+11
t_unit_SI  0.1000000E-08
temp       0.3035050E+03
numor1       11102
ref1         10770
bgr1         11123
withbgr          1
tfac_bgr  -0.1000000E+01
volfrac    0.7000000E+00
qbins           11
tbins           25
oor_cnt       2946
upd_cnt      25338

values
        tau/ns    S(q,t)/S(q)    err(sqt/sq)    var(sqt/sq)    var(tau)/ns   nupdates   Qeff/A**-1  
  0.3059159E-01  0.9903004E+00  0.1400817E-01  0.8357500E-01  0.3166901E-04        22  0.9839889E-01
  0.3876918E-01  0.9972457E+00  0.1350723E-01  0.4506552E-01  0.3329025E-04        24  0.9870118E-01
  0.5225264E-01  0.1017375E+01  0.5535796E-02  0.6135323E-01  0.3637431E-02        72  0.9904191E-01
  0.7387580E-01  0.1015494E+01  0.7431852E-02  0.5944959E-01  0.7635619E-02        68  0.9884206E-01
  0.1067791E+00  0.9888658E+00  0.4937378E-02  0.4959819E-01  0.9623371E-02        96  0.9934323E-01
  0.1567778E+00  0.9870146E+00  0.8893739E-02  0.6623179E-01  0.2492575E-02        48  0.9870232E-01
  0.2082161E+00  0.9948668E+00  0.5362376E-02  0.5451165E-01  0.1520217E-01        78  0.9938037E-01
  0.3221446E+00  0.9737049E+00  0.6102446E-02  0.5492276E-01  0.5160211E-01       104  0.9866457E-01
  0.4361971E+00  0.9877037E+00  0.5779595E-02  0.4721961E-01  0.3963562E-01        58  0.9920971E-01
  0.6850176E+00  0.9716736E+00  0.6850343E-02  0.5871399E-01  0.7723748E-01        82  0.9874776E-01
  0.8644243E+00  0.1000089E+01  0.5353822E-02  0.4401645E-01  0.6726595E-01        62  0.9958060E-01
  0.1220436E+01  0.9696944E+00  0.8464889E-02  0.6084865E-01  0.5621050E-01        48  0.9871062E-01
  0.1598755E+01  0.9513748E+00  0.4709939E-02  0.5340064E-01  0.1438772E+00        96  0.9923732E-01
  0.2347929E+01  0.9153971E+00  0.8337115E-02  0.5520674E-01  0.3383578E-01        48  0.9863087E-01
  0.3019708E+01  0.9025602E+00  0.5425059E-02  0.5575569E-01  0.5431595E-01        74  0.9927671E-01
  0.4664508E+01  0.8583865E+00  0.4678011E-02  0.6031996E-01  0.5254271E+00       120  0.9922016E-01
  0.7096209E+01  0.8032711E+00  0.7257580E-02  0.7526301E-01  0.8473646E+00        89  0.9909072E-01
  0.1020189E+02  0.7543274E+00  0.5639345E-02  0.6067942E-01  0.6874151E+00       118  0.9915243E-01
  0.1483838E+02  0.6611005E+00  0.5581530E-02  0.7686623E-01  0.1013160E+01       136  0.9904980E-01
  0.1986796E+02  0.5902899E+00  0.6989347E-02  0.7236511E-01  0.8865575E+00       102  0.9895892E-01
  0.2669119E+02  0.5251036E+00  0.6098255E-02  0.8250484E-01  0.2699644E+01       187  0.9816081E-01
  0.3756086E+02  0.4286850E+00  0.8521268E-02  0.9690469E-01  0.3640924E+01       163  0.9688151E-01
  0.5275146E+02  0.3491565E+00  0.1549435E-01  0.1287477E+00  0.3342836E+01       106  0.9623601E-01
  0.7011031E+02  0.2671074E+00  0.2040406E-01  0.1450608E+00  0.5744989E+01       129  0.9513770E-01
  0.1102488E+03  0.1556182E+00  0.3644447E+00  0.3869537E+00  0.1642835E-05         8  0.9730065E-01

#nxt
MIC1 MIC1 in Hellma 4mm TFS 37C
MIC1 Sat  fqt   vs   t/ns  1110208

parameter
q          0.1089866E+00
q_var      0.9631906E-03
q_unit_SI  0.1000000E+11
t_unit_SI  0.1000000E-08
temp       0.3035050E+03
numor1       11102
ref1         10770
bgr1         11123
withbgr          1
tfac_bgr  -0.1000000E+01
volfrac    0.7000000E+00
qbins           11
tbins           25
oor_cnt       2946
upd_cnt      25338

values
        tau/ns    S(q,t)/S(q)    err(sqt/sq)    var(sqt/sq)    var(tau)/ns   nupdates   Qeff/A**-1  
  0.3059153E-01  0.1034800E+01  0.1608102E-01  0.7071114E-01  0.3219808E-04        24  0.1088111E+00
  0.3878352E-01  0.1035254E+01  0.1681012E-01  0.7776490E-01  0.2218821E-04        24  0.1088108E+00
  0.5237147E-01  0.1009495E+01  0.5787532E-02  0.4504439E-01  0.3436274E-02        62  0.1091320E+00
  0.7280906E-01  0.9893304E+00  0.8772422E-02  0.8512066E-01  0.7920993E-02        79  0.1091468E+00
  0.1072131E+00  0.9943964E+00  0.5714037E-02  0.5934710E-01  0.9643106E-02        86  0.1094939E+00
  0.1566704E+00  0.9822250E+00  0.1106848E-01  0.7885010E-01  0.2525150E-02        54  0.1092712E+00
  0.2077121E+00  0.9914172E+00  0.6190434E-02  0.4574173E-01  0.1417787E-01        58  0.1096887E+00
  0.3152239E+00  0.9680896E+00  0.7667928E-02  0.6655691E-01  0.5171438E-01        98  0.1091097E+00
  0.4325379E+00  0.9689964E+00  0.5895674E-02  0.5828021E-01  0.3795417E-01        70  0.1091334E+00
  0.6838697E+00  0.9755681E+00  0.8897701E-02  0.7583301E-01  0.7633122E-01        72  0.1092661E+00
  0.8600272E+00  0.9788960E+00  0.5931035E-02  0.5738945E-01  0.6623423E-01        66  0.1095122E+00
  0.1219794E+01  0.9404900E+00  0.1044013E-01  0.7807246E-01  0.5641781E-01        54  0.1092146E+00
  0.1604369E+01  0.9499290E+00  0.5406327E-02  0.5969464E-01  0.1443864E+00        86  0.1093674E+00
  0.2346623E+01  0.9114450E+00  0.1054589E-01  0.6584156E-01  0.3438155E-01        54  0.1093006E+00
  0.3032789E+01  0.8937164E+00  0.5963155E-02  0.5810507E-01  0.5216898E-01        60  0.1090854E+00
  0.4686184E+01  0.8291043E+00  0.5487656E-02  0.6397624E-01  0.5437594E+00       116  0.1094355E+00
  0.6963887E+01  0.7716263E+00  0.9028922E-02  0.8370483E-01  0.8432218E+00       103  0.1094849E+00
  0.1029503E+02  0.6819898E+00  0.7167204E-02  0.8904420E-01  0.7861194E+00       105  0.1098231E+00
  0.1483357E+02  0.6078431E+00  0.7752813E-02  0.8319060E-01  0.1073209E+01       131  0.1097187E+00
  0.1996180E+02  0.5163051E+00  0.9713193E-02  0.9071710E-01  0.1004815E+01        95  0.1092667E+00
  0.2618602E+02  0.4399769E+00  0.1003712E-01  0.1146265E+00  0.2428452E+01       170  0.1088302E+00
  0.3641024E+02  0.3550662E+00  0.2170135E-01  0.1731244E+00  0.3841969E+01       114  0.1081396E+00
  0.5249139E+02  0.2515987E+00  0.4173320E-01  0.2517558E+00  0.4402194E+01        70  0.1049256E+00
  0.6945888E+02  0.1131484E+00  0.1901047E+00  0.6723823E+00  0.5021938E+01        44  0.1077093E+00

#nxt
MIC1 MIC1 in Hellma 4mm TFS 37C
MIC1 Sat  fqt   vs   t/ns  1110209

parameter
q          0.1191951E+00
q_var      0.1125425E-02
q_unit_SI  0.1000000E+11
t_unit_SI  0.1000000E-08
temp       0.3035050E+03
numor1       11102
ref1         10770
bgr1         11123
withbgr          1
tfac_bgr  -0.1000000E+01
volfrac    0.7000000E+00
qbins           11
tbins           25
oor_cnt       2946
upd_cnt      25338

values
        tau/ns    S(q,t)/S(q)    err(sqt/sq)    var(sqt/sq)    var(tau)/ns   nupdates   Qeff/A**-1  
  0.3060342E-01  0.9817220E+00  0.1882753E-01  0.1220057E+00  0.2528580E-04        22  0.1202990E+00
  0.3879072E-01  0.1002570E+01  0.1763551E-01  0.7409509E-01  0.6086838E-05        20  0.1199174E+00
  0.5229467E-01  0.9991593E+00  0.7898300E-02  0.6773712E-01  0.3748826E-02        76  0.1197788E+00
  0.7341414E-01  0.9758882E+00  0.1075634E-01  0.8834321E-01  0.7582590E-02        62  0.1195975E+00
  0.1072056E+00  0.9970700E+00  0.7511494E-02  0.7376104E-01  0.1001070E-01        99  0.1196884E+00
  0.1562225E+00  0.9685461E+00  0.1306464E-01  0.7298445E-01  0.2560797E-02        38  0.1196915E+00
  0.2082919E+00  0.9730077E+00  0.7986630E-02  0.6443127E-01  0.1588350E-01        76  0.1196845E+00
  0.3247201E+00  0.9526854E+00  0.8739495E-02  0.8685590E-01  0.5345089E-01        98  0.1197021E+00
  0.4402512E+00  0.9590457E+00  0.8556519E-02  0.7392254E-01  0.3945980E-01        64  0.1195823E+00
  0.6979436E+00  0.9552454E+00  0.9542676E-02  0.7905941E-01  0.8046011E-01        74  0.1197641E+00
  0.8731991E+00  0.9659306E+00  0.8348446E-02  0.6335156E-01  0.6755073E-01        64  0.1195702E+00
  0.1208925E+01  0.9603666E+00  0.1277199E-01  0.7834919E-01  0.5711962E-01        38  0.1196551E+00
  0.1610908E+01  0.9348158E+00  0.7167878E-02  0.7650923E-01  0.1518824E+00       100  0.1196101E+00
  0.2338963E+01  0.8731779E+00  0.1240045E-01  0.8135764E-01  0.3478817E-01        38  0.1195872E+00
  0.3026194E+01  0.8568911E+00  0.7826149E-02  0.7405118E-01  0.5833635E-01        78  0.1192367E+00
  0.4639388E+01  0.7929227E+00  0.7313195E-02  0.8217621E-01  0.5626010E+00       117  0.1194528E+00
  0.6957254E+01  0.7243723E+00  0.1129007E-01  0.1102703E+00  0.8490287E+00        84  0.1196901E+00
  0.1032204E+02  0.6156905E+00  0.9206377E-02  0.8836318E-01  0.8518867E+00       116  0.1194090E+00
  0.1488986E+02  0.5368792E+00  0.9858932E-02  0.9053794E-01  0.1030778E+01       134  0.1190578E+00
  0.1984087E+02  0.4586532E+00  0.1307302E-01  0.9581258E-01  0.7228491E+00        96  0.1189370E+00
  0.2548309E+02  0.3644538E+00  0.1426663E-01  0.1444830E+00  0.1832776E+01       133  0.1188094E+00
  0.3438586E+02  0.3332094E+00  0.4144282E-01  0.1971709E+00  0.3758879E+01        42  0.1184419E+00
  0.5326654E+02 -0.3907656E-01  0.3083171E+00  0.6978764E+00  0.4489744E+01        23  0.1165527E+00
  0.6715638E+02  0.1219299E+01  0.7998786E+01  0.2747679E+00  0.0000000E+00         2  0.1149673E+00

#nxt
MIC1 MIC1 in Hellma 4mm TFS 37C
MIC1 Sat  fqt   vs   t/ns  1110210

parameter
q          0.1333148E+00
q_var      0.8464692E-03
q_unit_SI  0.1000000E+11
t_unit_SI  0.1000000E-08
temp       0.3035050E+03
numor1       11102
ref1         10770
bgr1         11123
withbgr          1
tfac_bgr  -0.1000000E+01
volfrac    0.7000000E+00
qbins           11
tbins           25
oor_cnt       2946
upd_cnt      25338

values
        tau/ns    S(q,t)/S(q)    err(sqt/sq)    var(sqt/sq)    var(tau)/ns   nupdates   Qeff/A**-1  
  0.3060846E-01  0.9951891E+00  0.2030945E-01  0.1050562E+00  0.1851843E-04        36  0.1348382E+00
  0.3878347E-01  0.9757197E+00  0.2115602E-01  0.1391633E+00  0.2133709E-04        41  0.1342959E+00
  0.5221466E-01  0.9976732E+00  0.7966127E-02  0.8976452E-01  0.3815174E-02       104  0.1338940E+00
  0.7310170E-01  0.1003584E+01  0.1230391E-01  0.1301393E+00  0.7807741E-02       104  0.1335977E+00
  0.1063403E+00  0.9814318E+00  0.7526685E-02  0.9087688E-01  0.9642919E-02       136  0.1333519E+00
  0.1565142E+00  0.9624028E+00  0.1454788E-01  0.1236913E+00  0.2603651E-02        72  0.1339740E+00
  0.2079775E+00  0.9743377E+00  0.8081697E-02  0.8057144E-01  0.1581825E-01       104  0.1335370E+00
  0.3363804E+00  0.9716768E+00  0.9131113E-02  0.1308532E+00  0.5406835E-01       152  0.1339833E+00
  0.4413787E+00  0.9654710E+00  0.9404395E-02  0.9606649E-01  0.3864710E-01        86  0.1325347E+00
  0.7168187E+00  0.9506633E+00  0.9640561E-02  0.1085851E+00  0.7978674E-01       122  0.1345039E+00
  0.8733316E+00  0.9440231E+00  0.8779709E-02  0.9125050E-01  0.6592765E-01        88  0.1327389E+00
  0.1215014E+01  0.8978817E+00  0.1407944E-01  0.1274224E+00  0.5733682E-01        72  0.1341931E+00
  0.1595480E+01  0.8948534E+00  0.7146581E-02  0.8862377E-01  0.1467993E+00       138  0.1335121E+00
  0.2347072E+01  0.8601947E+00  0.1438428E-01  0.1224893E+00  0.3522728E-01        72  0.1337621E+00
  0.3014317E+01  0.8347149E+00  0.8118231E-02  0.7676809E-01  0.6492741E-01       103  0.1332867E+00
  0.4686284E+01  0.7291148E+00  0.7433577E-02  0.9939755E-01  0.5213174E+00       171  0.1328033E+00
  0.7053207E+01  0.6245389E+00  0.1136759E-01  0.1410621E+00  0.8575735E+00       139  0.1334079E+00
  0.1026633E+02  0.5877894E+00  0.9797772E-02  0.1222234E+00  0.8393594E+00       174  0.1323516E+00
  0.1487695E+02  0.4699493E+00  0.1037151E-01  0.1253291E+00  0.1063300E+01       188  0.1322970E+00
  0.1964763E+02  0.3789732E+00  0.1464674E-01  0.1573859E+00  0.6835498E+00       126  0.1314821E+00
  0.2497304E+02  0.3261081E+00  0.1561927E-01  0.1682414E+00  0.1757062E+01       143  0.1320973E+00
  0.3460639E+02  0.1968839E+00  0.2515885E-01  0.1650827E+00  0.3820261E+01        54  0.1324829E+00

#nxt
MIC1 MIC1 in Hellma 4mm TFS 37C
MIC1 Sat  fqt   vs   t/ns  1110211

parameter
q          0.1530499E+00
q_var      0.9841694E-03
q_unit_SI  0.1000000E+11
t_unit_SI  0.1000000E-08
temp       0.3035050E+03
numor1       11102
ref1         10770
bgr1         11123
withbgr          1
tfac_bgr  -0.1000000E+01
volfrac    0.7000000E+00
qbins           11
tbins           25
oor_cnt       2946
upd_cnt      25338

values
        tau/ns    S(q,t)/S(q)    err(sqt/sq)    var(sqt/sq)    var(tau)/ns   nupdates   Qeff/A**-1  
  0.3059901E-01  0.9028254E+00  0.4032037E-01  0.2242531E+00  0.3309121E-04        32  0.1560755E+00
  0.3877419E-01  0.9741990E+00  0.3982626E-01  0.1545290E+00  0.2651243E-04        32  0.1544083E+00
  0.5156787E-01  0.9714321E+00  0.1630598E-01  0.1401767E+00  0.4141242E-02        78  0.1527765E+00
  0.7155305E-01  0.9329829E+00  0.2523463E-01  0.2223615E+00  0.7739145E-02        68  0.1532829E+00
  0.1057738E+00  0.9769833E+00  0.1569441E-01  0.1374529E+00  0.1074724E-01        98  0.1528441E+00
  0.1556211E+00  0.9259155E+00  0.3227136E-01  0.2082934E+00  0.2590318E-02        48  0.1535754E+00
  0.2054119E+00  0.1009535E+01  0.1754756E-01  0.1641338E+00  0.1725455E-01        78  0.1525667E+00
  0.3533652E+00  0.9685044E+00  0.1588923E-01  0.1816398E+00  0.5340413E-01       108  0.1532354E+00
  0.4723038E+00  0.8909937E+00  0.2483604E-01  0.1990449E+00  0.3238559E-01        58  0.1524990E+00
  0.7371049E+00  0.9367958E+00  0.1627832E-01  0.1357418E+00  0.7570016E-01        88  0.1530225E+00
  0.9386476E+00  0.8854446E+00  0.2615493E-01  0.1923091E+00  0.5404475E-01        56  0.1533028E+00
  0.1200480E+01  0.8374591E+00  0.2996463E-01  0.2379777E+00  0.5693318E-01        48  0.1541639E+00
  0.1579429E+01  0.8686351E+00  0.1553082E-01  0.1472921E+00  0.1627509E+00        96  0.1527362E+00
  0.2335686E+01  0.7488762E+00  0.2972497E-01  0.2130288E+00  0.3594215E-01        47  0.1536511E+00
  0.2962584E+01  0.7517532E+00  0.1625292E-01  0.1252456E+00  0.4248641E-01        78  0.1526821E+00
  0.4586876E+01  0.6462957E+00  0.1457764E-01  0.1561622E+00  0.4989587E+00       114  0.1529324E+00
  0.6735293E+01  0.5488704E+00  0.2367366E-01  0.2157065E+00  0.7975285E+00        99  0.1532803E+00
  0.1005022E+02  0.4445858E+00  0.1829392E-01  0.1859140E+00  0.7727383E+00       131  0.1530166E+00
  0.1435233E+02  0.3463174E+00  0.1858391E-01  0.1869847E+00  0.1004563E+01       135  0.1523308E+00
  0.1928852E+02  0.2981342E+00  0.2371939E-01  0.1671358E+00  0.4456329E+00        90  0.1519518E+00
  0.2536744E+02  0.1846800E+00  0.2714342E-01  0.2438352E+00  0.2220218E+01        93  0.1515169E+00
  0.3268954E+02  0.1878771E+00  0.1846322E+00  0.8422747E+00  0.2649373E+01        30  0.1512475E+00

#nxt
