MIC2 MIC2 in Hellma 4mm TFS 37C
MIC2 Sun  fqt   vs   t/ns  1114601

parameter
q          0.3807248E-01
q_var      0.5651151E-03
q_unit_SI  0.1000000E+11
t_unit_SI  0.1000000E-08
temp       0.3035550E+03
numor1       11146
ref1         10770
bgr1         11123
withbgr          1
tfac_bgr  -0.1000000E+01
volfrac    0.7000000E+00
qbins           11
tbins           24
oor_cnt       2922
upd_cnt      25353

values
        tau/ns    S(q,t)/S(q)    err(sqt/sq)    var(sqt/sq)    var(tau)/ns   nupdates   Qeff/A**-1  
  0.3053912E-01  0.9905168E+00  0.1801025E-01  0.2544856E-01  0.4550684E-09         4  0.3778066E-01
  0.4437224E-01  0.9890273E+00  0.9800818E-02  0.4089312E-01  0.5164121E-02        18  0.3755884E-01
  0.5258620E-01  0.9877155E+00  0.5528023E-02  0.3077652E-01  0.5012829E-02        28  0.3693317E-01
  0.9347774E-01  0.9953758E+00  0.5008140E-02  0.3501514E-01  0.9052634E-02        46  0.3707554E-01
  0.1367655E+00  0.1028008E+01  0.4849177E-02  0.4082728E-01  0.1411221E-01        76  0.3805837E-01
  0.1645187E+00  0.1001980E+01  0.6126618E-02  0.6214702E-01  0.1181744E-01        88  0.3846597E-01
  0.2199256E+00  0.9977046E+00  0.3647776E-02  0.3784477E-01  0.1969092E-01       122  0.3753967E-01
  0.3225564E+00  0.9836444E+00  0.6244230E-02  0.6134598E-01  0.2432435E-01        88  0.3829562E-01
  0.4369488E+00  0.1004522E+01  0.3944196E-02  0.4007672E-01  0.3947519E-01        88  0.3753080E-01
  0.6007653E+00  0.1011783E+01  0.6645849E-02  0.5434722E-01  0.6031560E-01        80  0.3812592E-01
  0.8609701E+00  0.9817342E+00  0.3505072E-02  0.4011519E-01  0.8596466E-01       120  0.3757010E-01
  0.1375082E+01  0.9810174E+00  0.4118295E-02  0.4381076E-01  0.1284279E+00       110  0.3744793E-01
  0.1838378E+01  0.9875426E+00  0.4244777E-02  0.4649066E-01  0.1871818E+00       108  0.3800252E-01
  0.3073396E+01  0.9662442E+00  0.3479985E-02  0.3815319E-01  0.3885861E+00       124  0.3782147E-01
  0.4564353E+01  0.9602812E+00  0.4021904E-02  0.5458843E-01  0.5215691E+00       162  0.3815306E-01
  0.6527958E+01  0.9420055E+00  0.4336496E-02  0.4765123E-01  0.9253984E+00       125  0.3835099E-01
  0.1092610E+02  0.9304767E+00  0.4603936E-02  0.5702418E-01  0.1111421E+01       115  0.3878086E-01
  0.1453179E+02  0.8997113E+00  0.6410658E-02  0.6343153E-01  0.9741969E+00       118  0.3941036E-01
  0.2034630E+02  0.8863120E+00  0.3838041E-02  0.6444508E-01  0.2716610E+01       255  0.3853955E-01
  0.2908630E+02  0.8481389E+00  0.4898115E-02  0.8358832E-01  0.2263814E+01       234  0.3864940E-01
  0.3852408E+02  0.8231545E+00  0.4834410E-02  0.8277278E-01  0.3059211E+01       243  0.3824177E-01
  0.5252223E+02  0.7838798E+00  0.6720988E-02  0.1032473E+00  0.3475822E+01       226  0.3863479E-01
  0.6999721E+02  0.7208888E+00  0.7880265E-02  0.1136734E+00  0.6051670E+01       201  0.3821274E-01
  0.9701013E+02  0.6288569E+00  0.2130813E-01  0.1549783E+00  0.7338559E+01        90  0.3855931E-01

#nxt
MIC2 MIC2 in Hellma 4mm TFS 37C
MIC2 Sun  fqt   vs   t/ns  1114602

parameter
q          0.5005447E-01
q_var      0.4008389E-03
q_unit_SI  0.1000000E+11
t_unit_SI  0.1000000E-08
temp       0.3035550E+03
numor1       11146
ref1         10770
bgr1         11123
withbgr          1
tfac_bgr  -0.1000000E+01
volfrac    0.7000000E+00
qbins           11
tbins           24
oor_cnt       2922
upd_cnt      25353

values
        tau/ns    S(q,t)/S(q)    err(sqt/sq)    var(sqt/sq)    var(tau)/ns   nupdates   Qeff/A**-1  
  0.3053912E-01  0.9886246E+00  0.1536757E-01  0.3754187E-01  0.0000000E+00        10  0.4948788E-01
  0.4496048E-01  0.9983407E+00  0.1078604E-01  0.4491896E-01  0.5077824E-02        20  0.5057861E-01
  0.5358909E-01  0.9964604E+00  0.5526012E-02  0.2973679E-01  0.5542562E-02        34  0.5055782E-01
  0.9292318E-01  0.1001562E+01  0.5236367E-02  0.3292627E-01  0.9223381E-02        46  0.5055933E-01
  0.1359909E+00  0.1008852E+01  0.5073116E-02  0.3926918E-01  0.1371546E-01        60  0.5003621E-01
  0.1636166E+00  0.1002321E+01  0.6774104E-02  0.4979806E-01  0.1108136E-01        60  0.5011437E-01
  0.2201089E+00  0.9983351E+00  0.3866995E-02  0.3900671E-01  0.2029404E-01        98  0.5022385E-01
  0.3208403E+00  0.9893879E+00  0.6852867E-02  0.5152886E-01  0.2253300E-01        62  0.4988967E-01
  0.4348054E+00  0.9999205E+00  0.4164761E-02  0.3246995E-01  0.3986764E-01        70  0.5032871E-01
  0.5891923E+00  0.9956890E+00  0.6705383E-02  0.5138868E-01  0.6387892E-01        66  0.5010769E-01
  0.8652328E+00  0.9907643E+00  0.3715748E-02  0.3609023E-01  0.8586394E-01        94  0.5030899E-01
  0.1378093E+01  0.9808644E+00  0.4410983E-02  0.4038501E-01  0.1257713E+00        84  0.5040140E-01
  0.1832577E+01  0.9872837E+00  0.4573491E-02  0.3518584E-01  0.1758686E+00        84  0.4999831E-01
  0.3056098E+01  0.9581628E+00  0.3648431E-02  0.3719314E-01  0.3943033E+00        98  0.5029287E-01
  0.4567008E+01  0.9455172E+00  0.4121352E-02  0.4898891E-01  0.5146060E+00       124  0.5051291E-01
  0.6480197E+01  0.9282983E+00  0.4401596E-02  0.4556853E-01  0.8755423E+00       101  0.4995032E-01
  0.1081278E+02  0.8867797E+00  0.4205666E-02  0.4386648E-01  0.1114099E+01        96  0.5019926E-01
  0.1442320E+02  0.8761102E+00  0.5633255E-02  0.6502264E-01  0.1037158E+01       101  0.5048604E-01
  0.2056071E+02  0.8332085E+00  0.3401063E-02  0.6138895E-01  0.2720896E+01       205  0.4976195E-01
  0.2905100E+02  0.7806575E+00  0.4448932E-02  0.7245135E-01  0.2096159E+01       222  0.4978752E-01
  0.3833575E+02  0.7389875E+00  0.4293236E-02  0.7298290E-01  0.2990386E+01       242  0.4971855E-01
  0.5269963E+02  0.6588798E+00  0.6150046E-02  0.8677489E-01  0.3242264E+01       216  0.4957761E-01
  0.6968136E+02  0.6180034E+00  0.7351639E-02  0.9748263E-01  0.5816635E+01       203  0.4909094E-01
  0.9780158E+02  0.5767670E+00  0.2709862E-01  0.1632045E+00  0.7689300E+01        76  0.4933648E-01

#nxt
MIC2 MIC2 in Hellma 4mm TFS 37C
MIC2 Sun  fqt   vs   t/ns  1114603

parameter
q          0.6015697E-01
q_var      0.3430340E-03
q_unit_SI  0.1000000E+11
t_unit_SI  0.1000000E-08
temp       0.3035550E+03
numor1       11146
ref1         10770
bgr1         11123
withbgr          1
tfac_bgr  -0.1000000E+01
volfrac    0.7000000E+00
qbins           11
tbins           24
oor_cnt       2922
upd_cnt      25353

values
        tau/ns    S(q,t)/S(q)    err(sqt/sq)    var(sqt/sq)    var(tau)/ns   nupdates   Qeff/A**-1  
  0.3053912E-01  0.1006955E+01  0.1599565E-01  0.4513435E-01  0.0000000E+00         8  0.6107826E-01
  0.4398656E-01  0.9769664E+00  0.8297573E-02  0.5588909E-01  0.5194833E-02        28  0.6013149E-01
  0.5360478E-01  0.9981220E+00  0.4573005E-02  0.3384882E-01  0.5041989E-02        48  0.6004480E-01
  0.9037400E-01  0.1000298E+01  0.4919184E-02  0.3958729E-01  0.9937611E-02        60  0.6043829E-01
  0.1216228E+00  0.1005383E+01  0.4576152E-02  0.3294601E-01  0.1745820E-01        78  0.5959886E-01
  0.1615744E+00  0.9905931E+00  0.6254738E-02  0.5529049E-01  0.9799863E-02        80  0.6011659E-01
  0.2156830E+00  0.1004259E+01  0.3846451E-02  0.4114332E-01  0.2019156E-01       110  0.5980881E-01
  0.3204086E+00  0.9839160E+00  0.6527435E-02  0.5392763E-01  0.1919505E-01        76  0.6008838E-01
  0.4216722E+00  0.1001977E+01  0.4164510E-02  0.3242206E-01  0.3573448E-01        78  0.5976940E-01
  0.5816357E+00  0.9861667E+00  0.6075062E-02  0.5215136E-01  0.6168341E-01        84  0.6030939E-01
  0.8481421E+00  0.9840035E+00  0.3559616E-02  0.3920232E-01  0.8253388E-01       114  0.5976492E-01
  0.1363958E+01  0.9794481E+00  0.4366611E-02  0.4632863E-01  0.1283127E+00        98  0.6030248E-01
  0.1776300E+01  0.9657166E+00  0.4148178E-02  0.3622960E-01  0.2394139E+00       106  0.5954517E-01
  0.2962625E+01  0.9497014E+00  0.3574813E-02  0.3887097E-01  0.3383860E+00       112  0.5992710E-01
  0.4588099E+01  0.9266480E+00  0.3740260E-02  0.5297982E-01  0.5151270E+00       156  0.6024280E-01
  0.6641663E+01  0.9000324E+00  0.5140217E-02  0.6383869E-01  0.8744019E+00       116  0.5985006E-01
  0.1027193E+02  0.8609434E+00  0.4562731E-02  0.6200187E-01  0.1031870E+01       109  0.6037237E-01
  0.1453920E+02  0.8219621E+00  0.4886449E-02  0.6491852E-01  0.1100066E+01       132  0.6056118E-01
  0.2091972E+02  0.7577343E+00  0.4290187E-02  0.6525900E-01  0.2513767E+01       221  0.6015358E-01
  0.2886539E+02  0.7062255E+00  0.5386645E-02  0.8538969E-01  0.2373255E+01       252  0.6022046E-01
  0.3862064E+02  0.6297916E+00  0.5651708E-02  0.8949968E-01  0.2937631E+01       294  0.6017723E-01
  0.5255441E+02  0.5468695E+00  0.8151727E-02  0.1329925E+00  0.3812291E+01       258  0.6014261E-01
  0.7044644E+02  0.4901714E+00  0.1066332E-01  0.1543267E+00  0.5984861E+01       236  0.6044953E-01
  0.9761574E+02  0.3516471E+00  0.2476992E-01  0.2046553E+00  0.7660447E+01       105  0.6067359E-01

#nxt
MIC2 MIC2 in Hellma 4mm TFS 37C
MIC2 Sun  fqt   vs   t/ns  1114604

parameter
q          0.7066806E-01
q_var      0.3971874E-03
q_unit_SI  0.1000000E+11
t_unit_SI  0.1000000E-08
temp       0.3035550E+03
numor1       11146
ref1         10770
bgr1         11123
withbgr          1
tfac_bgr  -0.1000000E+01
volfrac    0.7000000E+00
qbins           11
tbins           24
oor_cnt       2922
upd_cnt      25353

values
        tau/ns    S(q,t)/S(q)    err(sqt/sq)    var(sqt/sq)    var(tau)/ns   nupdates   Qeff/A**-1  
  0.3056370E-01  0.9972634E+00  0.1247378E-01  0.3059184E-01  0.2860883E-04        14  0.6973211E-01
  0.4433638E-01  0.9848474E+00  0.7794493E-02  0.4976847E-01  0.5185583E-02        40  0.7053081E-01
  0.5370157E-01  0.1000850E+01  0.4299378E-02  0.2931740E-01  0.5029000E-02        56  0.7085682E-01
  0.9023428E-01  0.9918297E+00  0.4616792E-02  0.3879868E-01  0.9950923E-02        80  0.7062167E-01
  0.1136126E+00  0.9937231E+00  0.5203937E-02  0.4576808E-01  0.1252992E-01        74  0.7064438E-01
  0.1581567E+00  0.9844836E+00  0.6877404E-02  0.5117702E-01  0.5890900E-02        66  0.7091796E-01
  0.2117367E+00  0.9943269E+00  0.4027466E-02  0.3811512E-01  0.1981259E-01        96  0.7056477E-01
  0.3150820E+00  0.9974829E+00  0.6993004E-02  0.4942415E-01  0.1081101E-01        62  0.7103887E-01
  0.4118146E+00  0.9963460E+00  0.4376798E-02  0.3791574E-01  0.3128618E-01        74  0.7036285E-01
  0.5832251E+00  0.9908743E+00  0.6054320E-02  0.4851972E-01  0.6152633E-01        72  0.7132709E-01
  0.8399612E+00  0.9804396E+00  0.3798252E-02  0.4400420E-01  0.7395567E-01       108  0.7056450E-01
  0.1370457E+01  0.9638647E+00  0.4289625E-02  0.4050163E-01  0.1302357E+00        92  0.7057444E-01
  0.1785072E+01  0.9605997E+00  0.4630672E-02  0.4311671E-01  0.2760665E+00        86  0.7087837E-01
  0.2875962E+01  0.9377743E+00  0.3783039E-02  0.4567180E-01  0.2720488E+00       112  0.7050535E-01
  0.4632358E+01  0.9077119E+00  0.3752272E-02  0.5449581E-01  0.4972735E+00       138  0.7097319E-01
  0.7065078E+01  0.8807172E+00  0.5986947E-02  0.7073219E-01  0.8560327E+00        94  0.7101444E-01
  0.1015318E+02  0.8253428E+00  0.4939068E-02  0.5688182E-01  0.7828710E+00       107  0.7113468E-01
  0.1472294E+02  0.7661644E+00  0.4850300E-02  0.5812887E-01  0.9993552E+00       145  0.7129282E-01
  0.2132643E+02  0.6798107E+00  0.4599259E-02  0.7243723E-01  0.2225713E+01       203  0.7083954E-01
  0.2888447E+02  0.6090566E+00  0.4732582E-02  0.7712573E-01  0.2278160E+01       289  0.7092486E-01
  0.3878818E+02  0.5301567E+00  0.4725457E-02  0.8191611E-01  0.2925096E+01       311  0.7038440E-01
  0.5309325E+02  0.4407078E+00  0.7061379E-02  0.1093693E+00  0.3216384E+01       283  0.7022410E-01
  0.7024309E+02  0.3522389E+00  0.8318410E-02  0.1136926E+00  0.5834268E+01       240  0.6984164E-01
  0.9741498E+02  0.2617947E+00  0.3460629E-01  0.2300799E+00  0.7523857E+01        84  0.7028377E-01

#nxt
MIC2 MIC2 in Hellma 4mm TFS 37C
MIC2 Sun  fqt   vs   t/ns  1114605

parameter
q          0.8106654E-01
q_var      0.2661964E-03
q_unit_SI  0.1000000E+11
t_unit_SI  0.1000000E-08
temp       0.3035550E+03
numor1       11146
ref1         10770
bgr1         11123
withbgr          1
tfac_bgr  -0.1000000E+01
volfrac    0.7000000E+00
qbins           11
tbins           24
oor_cnt       2922
upd_cnt      25353

values
        tau/ns    S(q,t)/S(q)    err(sqt/sq)    var(sqt/sq)    var(tau)/ns   nupdates   Qeff/A**-1  
  0.3056642E-01  0.9836692E+00  0.1288235E-01  0.6488528E-01  0.2889318E-04        18  0.8083002E-01
  0.4542728E-01  0.1014518E+01  0.7985526E-02  0.4028372E-01  0.4994134E-02        42  0.8153940E-01
  0.5402793E-01  0.1007508E+01  0.4510151E-02  0.3275834E-01  0.4921568E-02        66  0.8099539E-01
  0.9015919E-01  0.9937953E+00  0.5172916E-02  0.5396244E-01  0.9782701E-02        80  0.8095791E-01
  0.1106048E+00  0.9952482E+00  0.5261775E-02  0.4391513E-01  0.9887220E-02        58  0.8117204E-01
  0.1569514E+00  0.9997772E+00  0.8139951E-02  0.4746132E-01  0.2405772E-02        46  0.8127330E-01
  0.2115250E+00  0.9962260E+00  0.4206455E-02  0.4993835E-01  0.1947791E-01        92  0.8097827E-01
  0.3131228E+00  0.9874610E+00  0.8050064E-02  0.5655560E-01  0.4558084E-02        46  0.8131978E-01
  0.4109746E+00  0.9924963E+00  0.4566763E-02  0.3702256E-01  0.2959647E-01        66  0.8099423E-01
  0.5804435E+00  0.9578658E+00  0.6445010E-02  0.5720578E-01  0.6302924E-01        72  0.8130217E-01
  0.8413073E+00  0.9786716E+00  0.3977820E-02  0.3875612E-01  0.7015541E-01        92  0.8095029E-01
  0.1373432E+01  0.9616637E+00  0.4886877E-02  0.4294842E-01  0.1278548E+00        80  0.8099288E-01
  0.1739671E+01  0.9592528E+00  0.4718590E-02  0.4105814E-01  0.2604058E+00        74  0.8132554E-01
  0.2889778E+01  0.9137858E+00  0.4014096E-02  0.4708646E-01  0.2485009E+00        96  0.8079146E-01
  0.4643762E+01  0.8936160E+00  0.4128134E-02  0.6238660E-01  0.5160390E+00       120  0.8095859E-01
  0.7003131E+01  0.8420723E+00  0.6642563E-02  0.7691807E-01  0.8501391E+00        88  0.8136945E-01
  0.1015656E+02  0.7820003E+00  0.5349809E-02  0.5533629E-01  0.7802462E+00        88  0.8131774E-01
  0.1468867E+02  0.6866523E+00  0.5129622E-02  0.6456964E-01  0.1050279E+01       140  0.8131603E-01
  0.2105410E+02  0.6052534E+00  0.5307342E-02  0.7407740E-01  0.2133074E+01       166  0.8123665E-01
  0.2849641E+02  0.5200950E+00  0.5736581E-02  0.8488193E-01  0.2612508E+01       215  0.8127446E-01
  0.3905321E+02  0.4258978E+00  0.6378392E-02  0.8452704E-01  0.2952366E+01       238  0.8090804E-01
  0.5275021E+02  0.3323619E+00  0.9268044E-02  0.1130935E+00  0.3883514E+01       206  0.8064223E-01
  0.7079765E+02  0.2469141E+00  0.1221862E-01  0.1331595E+00  0.5995718E+01       188  0.8075950E-01
  0.9742502E+02  0.1647033E+00  0.3015634E-01  0.1851720E+00  0.7540105E+01        66  0.8039152E-01

#nxt
MIC2 MIC2 in Hellma 4mm TFS 37C
MIC2 Sun  fqt   vs   t/ns  1114606

parameter
q          0.8989872E-01
q_var      0.5118939E-03
q_unit_SI  0.1000000E+11
t_unit_SI  0.1000000E-08
temp       0.3035550E+03
numor1       11146
ref1         10770
bgr1         11123
withbgr          1
tfac_bgr  -0.1000000E+01
volfrac    0.7000000E+00
qbins           11
tbins           24
oor_cnt       2922
upd_cnt      25353

values
        tau/ns    S(q,t)/S(q)    err(sqt/sq)    var(sqt/sq)    var(tau)/ns   nupdates   Qeff/A**-1  
  0.3057366E-01  0.1008944E+01  0.1599660E-01  0.4991699E-01  0.2839248E-04        12  0.9038202E-01
  0.4440353E-01  0.1008667E+01  0.9939369E-02  0.6042021E-01  0.5181135E-02        36  0.9032264E-01
  0.5379444E-01  0.9995126E+00  0.4986026E-02  0.3879253E-01  0.4693653E-02        60  0.9002508E-01
  0.8948083E-01  0.9844425E+00  0.6313497E-02  0.5429557E-01  0.9962470E-02        62  0.8975233E-01
  0.1091895E+00  0.1001889E+01  0.5809682E-02  0.4764809E-01  0.9438768E-02        52  0.9021990E-01
  0.1567815E+00  0.9944926E+00  0.9663907E-02  0.6403394E-01  0.2482994E-02        34  0.8984471E-01
  0.2116327E+00  0.9963015E+00  0.4871584E-02  0.4008857E-01  0.1857493E-01        78  0.8996962E-01
  0.3127255E+00  0.9786271E+00  0.9508387E-02  0.5254208E-01  0.4720550E-02        34  0.8979220E-01
  0.4118368E+00  0.9797312E+00  0.5211832E-02  0.4186092E-01  0.2752983E-01        54  0.9012033E-01
  0.5800291E+00  0.9670170E+00  0.7665558E-02  0.5945683E-01  0.6268164E-01        58  0.8981247E-01
  0.8411372E+00  0.9843058E+00  0.4639926E-02  0.4697418E-01  0.6673320E-01        78  0.8997597E-01
  0.1365484E+01  0.9511044E+00  0.6016908E-02  0.4163969E-01  0.1324378E+00        62  0.8975157E-01
  0.1718394E+01  0.9371520E+00  0.5083734E-02  0.4790330E-01  0.2581353E+00        68  0.9019181E-01
  0.2919558E+01  0.8962651E+00  0.4559399E-02  0.4831629E-01  0.2402858E+00        72  0.8989898E-01
  0.4717257E+01  0.8547702E+00  0.4670587E-02  0.5656968E-01  0.5078662E+00       100  0.8983195E-01
  0.6964309E+01  0.7977801E+00  0.7719490E-02  0.7943257E-01  0.8662672E+00        69  0.9004857E-01
  0.1010120E+02  0.7149332E+00  0.6018108E-02  0.6034904E-01  0.6637379E+00        74  0.9038695E-01
  0.1465128E+02  0.6337869E+00  0.5861706E-02  0.7808360E-01  0.1218548E+01       115  0.9045718E-01
  0.2064025E+02  0.5425963E+00  0.7080084E-02  0.7516801E-01  0.1800928E+01       133  0.9090341E-01
  0.2827614E+02  0.4422317E+00  0.6177664E-02  0.7946470E-01  0.2712484E+01       175  0.9015394E-01
  0.3890950E+02  0.3483546E+00  0.7561585E-02  0.7682864E-01  0.2871255E+01       134  0.8891251E-01
  0.5290322E+02  0.2322288E+00  0.1145268E-01  0.9844224E-01  0.3359281E+01       130  0.8907267E-01
  0.7032178E+02  0.1823404E+00  0.1358905E-01  0.9283481E-01  0.5779731E+01        97  0.8861888E-01
  0.9350887E+02  0.3070751E-01  0.8870090E-01  0.3451148E+00  0.3663547E+01        27  0.8912350E-01

#nxt
MIC2 MIC2 in Hellma 4mm TFS 37C
MIC2 Sun  fqt   vs   t/ns  1114607

parameter
q          0.9860187E-01
q_var      0.1165629E-02
q_unit_SI  0.1000000E+11
t_unit_SI  0.1000000E-08
temp       0.3035550E+03
numor1       11146
ref1         10770
bgr1         11123
withbgr          1
tfac_bgr  -0.1000000E+01
volfrac    0.7000000E+00
qbins           11
tbins           24
oor_cnt       2922
upd_cnt      25353

values
        tau/ns    S(q,t)/S(q)    err(sqt/sq)    var(sqt/sq)    var(tau)/ns   nupdates   Qeff/A**-1  
  0.3058279E-01  0.9972499E+00  0.1410425E-01  0.7093662E-01  0.2660721E-04        22  0.9862502E-01
  0.4427384E-01  0.9723314E+00  0.9215501E-02  0.7430458E-01  0.5206955E-02        50  0.9878697E-01
  0.5457758E-01  0.9989447E+00  0.5389536E-02  0.5059487E-01  0.4685880E-02        70  0.9939888E-01
  0.8604763E-01  0.9831713E+00  0.7037463E-02  0.5481176E-01  0.9407833E-02        84  0.9870608E-01
  0.1094415E+00  0.9944202E+00  0.5722420E-02  0.4752129E-01  0.9371621E-02        62  0.9947088E-01
  0.1567603E+00  0.9846609E+00  0.9003278E-02  0.6514584E-01  0.2524904E-02        50  0.9867078E-01
  0.2138729E+00  0.9848727E+00  0.5084135E-02  0.5590290E-01  0.1913098E-01        98  0.9919683E-01
  0.3127120E+00  0.9674763E+00  0.8888161E-02  0.6006262E-01  0.4779336E-02        50  0.9870189E-01
  0.4171490E+00  0.9717772E+00  0.5483643E-02  0.4587365E-01  0.3143462E-01        78  0.9925505E-01
  0.5864794E+00  0.9614149E+00  0.7454755E-02  0.6933677E-01  0.6037653E-01        70  0.9877645E-01
  0.8497213E+00  0.9726124E+00  0.4903338E-02  0.5080967E-01  0.6826663E-01        96  0.9910038E-01
  0.1313015E+01  0.9352972E+00  0.6725363E-02  0.7708690E-01  0.1293893E+00        84  0.9869234E-01
  0.1734288E+01  0.9104584E+00  0.4940992E-02  0.4537351E-01  0.2676272E+00        86  0.9932519E-01
  0.2894647E+01  0.8811286E+00  0.4941313E-02  0.5146486E-01  0.2672543E+00       102  0.9909017E-01
  0.4673966E+01  0.8122746E+00  0.4749589E-02  0.6901525E-01  0.5344738E+00       122  0.9913274E-01
  0.7106849E+01  0.7452271E+00  0.7257947E-02  0.8148037E-01  0.8467226E+00        91  0.9896261E-01
  0.1015845E+02  0.6607510E+00  0.6244647E-02  0.7361376E-01  0.6106731E+00       102  0.9978966E-01
  0.1468747E+02  0.5606745E+00  0.5828506E-02  0.8309786E-01  0.1217019E+01       150  0.9961289E-01
  0.2100663E+02  0.4714402E+00  0.6667605E-02  0.8784272E-01  0.2030147E+01       158  0.9939935E-01
  0.2831144E+02  0.3852525E+00  0.7116384E-02  0.8442093E-01  0.2727245E+01       152  0.9848118E-01
  0.3888431E+02  0.3004860E+00  0.9803208E-02  0.9734861E-01  0.2705550E+01       144  0.9621932E-01
  0.5292605E+02  0.2220055E+00  0.1664716E-01  0.1146949E+00  0.3427512E+01       107  0.9622313E-01
  0.7005269E+02  0.1389826E+00  0.2227146E-01  0.1610554E+00  0.5565100E+01       104  0.9484507E-01
  0.9572625E+02  0.1289705E+00  0.3111482E+00  0.7499627E+00  0.6482103E+01        31  0.9798193E-01

#nxt
MIC2 MIC2 in Hellma 4mm TFS 37C
MIC2 Sun  fqt   vs   t/ns  1114608

parameter
q          0.1089007E+00
q_var      0.1046005E-02
q_unit_SI  0.1000000E+11
t_unit_SI  0.1000000E-08
temp       0.3035550E+03
numor1       11146
ref1         10770
bgr1         11123
withbgr          1
tfac_bgr  -0.1000000E+01
volfrac    0.7000000E+00
qbins           11
tbins           24
oor_cnt       2922
upd_cnt      25353

values
        tau/ns    S(q,t)/S(q)    err(sqt/sq)    var(sqt/sq)    var(tau)/ns   nupdates   Qeff/A**-1  
  0.3058337E-01  0.9757998E+00  0.1558770E-01  0.8312545E-01  0.2643091E-04        24  0.1087948E+00
  0.4460185E-01  0.9840931E+00  0.1118392E-01  0.6137981E-01  0.5179093E-02        42  0.1088932E+00
  0.5477337E-01  0.9984880E+00  0.6399246E-02  0.4752911E-01  0.4663166E-02        66  0.1094500E+00
  0.8575366E-01  0.9988380E+00  0.9493150E-02  0.7761920E-01  0.9290636E-02        70  0.1091696E+00
  0.1088327E+00  0.9939970E+00  0.6566764E-02  0.4386248E-01  0.9186234E-02        66  0.1094394E+00
  0.1565187E+00  0.9592799E+00  0.1167775E-01  0.7962726E-01  0.2569452E-02        52  0.1091907E+00
  0.2144851E+00  0.9827261E+00  0.6023689E-02  0.5406734E-01  0.1897460E-01        84  0.1093551E+00
  0.3123740E+00  0.9470966E+00  0.1154391E-01  0.8727841E-01  0.4836513E-02        52  0.1091591E+00
  0.4168813E+00  0.9665147E+00  0.6488558E-02  0.4913935E-01  0.2981054E-01        58  0.1095747E+00
  0.5783362E+00  0.9403157E+00  0.9425858E-02  0.8914678E-01  0.6296787E-01        78  0.1089621E+00
  0.8501027E+00  0.9591661E+00  0.5756496E-02  0.5652998E-01  0.6595877E-01        86  0.1092745E+00
  0.1308077E+01  0.9088485E+00  0.8738178E-02  0.7046338E-01  0.1286771E+00        70  0.1091968E+00
  0.1711269E+01  0.9024943E+00  0.5729868E-02  0.5916469E-01  0.2563556E+00        90  0.1093346E+00
  0.2938366E+01  0.8317445E+00  0.5562615E-02  0.5557521E-01  0.2438523E+00        88  0.1092876E+00
  0.4695104E+01  0.7676884E+00  0.5681065E-02  0.6936125E-01  0.5504217E+00       116  0.1093911E+00
  0.6988453E+01  0.6700680E+00  0.9177281E-02  0.1002815E+00  0.8424585E+00       101  0.1094042E+00
  0.1017192E+02  0.5980817E+00  0.7731699E-02  0.7118323E-01  0.6305278E+00        91  0.1097106E+00
  0.1461921E+02  0.4988627E+00  0.7733855E-02  0.8285042E-01  0.1275979E+01       144  0.1097014E+00
  0.2074357E+02  0.4042770E+00  0.9192663E-02  0.9124105E-01  0.1825303E+01       137  0.1092790E+00
  0.2735588E+02  0.3286058E+00  0.1161799E-01  0.1296686E+00  0.2670933E+01       152  0.1085245E+00
  0.3925395E+02  0.2206962E+00  0.2912029E-01  0.1702828E+00  0.1405765E+01        84  0.1071369E+00
  0.5231004E+02  0.1137326E+00  0.4632880E-01  0.2706085E+00  0.4405271E+01        69  0.1048652E+00
  0.7012950E+02  0.3087001E+00  0.2186707E+00  0.8583533E+00  0.5334396E+01        44  0.1076215E+00

#nxt
MIC2 MIC2 in Hellma 4mm TFS 37C
MIC2 Sun  fqt   vs   t/ns  1114609

parameter
q          0.1191268E+00
q_var      0.1099944E-02
q_unit_SI  0.1000000E+11
t_unit_SI  0.1000000E-08
temp       0.3035550E+03
numor1       11146
ref1         10770
bgr1         11123
withbgr          1
tfac_bgr  -0.1000000E+01
volfrac    0.7000000E+00
qbins           11
tbins           24
oor_cnt       2922
upd_cnt      25353

values
        tau/ns    S(q,t)/S(q)    err(sqt/sq)    var(sqt/sq)    var(tau)/ns   nupdates   Qeff/A**-1  
  0.3059341E-01  0.9976170E+00  0.2080872E-01  0.9963800E-01  0.1840038E-04        22  0.1201379E+00
  0.4485487E-01  0.9771994E+00  0.1193718E-01  0.7607199E-01  0.4995314E-02        56  0.1199148E+00
  0.5568823E-01  0.9611324E+00  0.8979365E-02  0.7221172E-01  0.4822403E-02        64  0.1194203E+00
  0.8665298E-01  0.9639868E+00  0.1057870E-01  0.8458270E-01  0.9467059E-02        74  0.1196798E+00
  0.1109705E+00  0.9771932E+00  0.9421666E-02  0.7716514E-01  0.9606395E-02        63  0.1194317E+00
  0.1627731E+00  0.9553116E+00  0.1294564E-01  0.7730099E-01  0.1410644E-01        46  0.1199474E+00
  0.2156489E+00  0.9613900E+00  0.8424161E-02  0.9473340E-01  0.1994537E-01        92  0.1194220E+00
  0.3115270E+00  0.9328132E+00  0.1415758E-01  0.8734513E-01  0.4851257E-02        38  0.1195708E+00
  0.4178068E+00  0.9452373E+00  0.8744440E-02  0.6682683E-01  0.3391874E-01        76  0.1196395E+00
  0.5830010E+00  0.9524268E+00  0.1203208E-01  0.1198636E+00  0.6023358E-01        62  0.1194071E+00
  0.8519032E+00  0.9317052E+00  0.7766912E-02  0.1147445E+00  0.7191241E-01       100  0.1196201E+00
  0.1312437E+01  0.8816558E+00  0.9947349E-02  0.8159864E-01  0.1307373E+00        74  0.1196839E+00
  0.1786493E+01  0.8804025E+00  0.8061117E-02  0.7341295E-01  0.2862931E+00        83  0.1195458E+00
  0.2913512E+01  0.7862576E+00  0.7941122E-02  0.7467375E-01  0.2533474E+00        94  0.1194783E+00
  0.4636048E+01  0.7125855E+00  0.7848484E-02  0.9872758E-01  0.5681926E+00       115  0.1194428E+00
  0.6941785E+01  0.6522835E+00  0.1211148E-01  0.9739280E-01  0.8485087E+00        84  0.1196621E+00
  0.1014403E+02  0.5085509E+00  0.1037020E-01  0.9165749E-01  0.6406358E+00       101  0.1193754E+00
  0.1461666E+02  0.4281606E+00  0.9973049E-02  0.1151694E+00  0.1290449E+01       148  0.1190576E+00
  0.2064679E+02  0.3384404E+00  0.1274230E-01  0.1302561E+00  0.1765857E+01       143  0.1188984E+00
  0.2653282E+02  0.2395160E+00  0.1775680E-01  0.1363055E+00  0.2372177E+01       103  0.1184200E+00
  0.3954511E+02  0.8674609E-01  0.7801336E-01  0.2212916E+00  0.3804252E+00        27  0.1180864E+00
  0.5204370E+02  0.1794045E+00  0.3716349E+00  0.9117682E+00  0.4275354E+01        22  0.1171262E+00
  0.6718922E+02  0.3098323E+00  0.2074318E+01  0.1058741E+00  0.0000000E+00         2  0.1149486E+00

#nxt
MIC2 MIC2 in Hellma 4mm TFS 37C
MIC2 Sun  fqt   vs   t/ns  1114610

parameter
q          0.1332240E+00
q_var      0.1046235E-02
q_unit_SI  0.1000000E+11
t_unit_SI  0.1000000E-08
temp       0.3035550E+03
numor1       11146
ref1         10770
bgr1         11123
withbgr          1
tfac_bgr  -0.1000000E+01
volfrac    0.7000000E+00
qbins           11
tbins           24
oor_cnt       2922
upd_cnt      25353

values
        tau/ns    S(q,t)/S(q)    err(sqt/sq)    var(sqt/sq)    var(tau)/ns   nupdates   Qeff/A**-1  
  0.3058938E-01  0.9297108E+00  0.2226506E-01  0.1938080E+00  0.3628365E-04        38  0.1349622E+00
  0.4608136E-01  0.9356474E+00  0.1218058E-01  0.1010078E+00  0.4428501E-02        91  0.1351442E+00
  0.5561239E-01  0.9681265E+00  0.1014963E-01  0.9098472E-01  0.4680259E-02        92  0.1326395E+00
  0.8859824E-01  0.9363054E+00  0.1127833E-01  0.1309048E+00  0.9109815E-02       122  0.1346143E+00
  0.1106362E+00  0.9370015E+00  0.1032526E-01  0.9092972E-01  0.9318912E-02        92  0.1325516E+00
  0.1708780E+00  0.9069583E+00  0.1300881E-01  0.1898658E+00  0.1752919E-01        88  0.1347539E+00
  0.2170762E+00  0.9277923E+00  0.9440367E-02  0.1055285E+00  0.1972712E-01       125  0.1329236E+00
  0.3119232E+00  0.9137585E+00  0.1719694E-01  0.1407462E+00  0.4959984E-02        72  0.1336096E+00
  0.4150474E+00  0.9210407E+00  0.9275632E-02  0.8607098E-01  0.3404432E-01       108  0.1335153E+00
  0.5821659E+00  0.8900759E+00  0.1400298E-01  0.1490615E+00  0.6101254E-01       106  0.1332420E+00
  0.8435135E+00  0.9104512E+00  0.8228920E-02  0.9398557E-01  0.7260250E-01       142  0.1335137E+00
  0.1352112E+01  0.7975280E+00  0.1036169E-01  0.1172761E+00  0.1216082E+00       122  0.1345347E+00
  0.1747357E+01  0.7923447E+00  0.8874165E-02  0.9919560E-01  0.2592255E+00       134  0.1328735E+00
  0.2913275E+01  0.7217999E+00  0.8089481E-02  0.1029107E+00  0.2386541E+00       136  0.1329644E+00
  0.4667577E+01  0.6263338E+00  0.8358772E-02  0.1231939E+00  0.5265580E+00       174  0.1326040E+00
  0.7004931E+01  0.5394638E+00  0.1317967E-01  0.1594594E+00  0.8612706E+00       143  0.1332399E+00
  0.1003930E+02  0.4390720E+00  0.1137261E-01  0.1112038E+00  0.6520690E+00       150  0.1322093E+00
  0.1452762E+02  0.3450648E+00  0.1109122E-01  0.1486710E+00  0.1330304E+01       219  0.1322396E+00
  0.2093755E+02  0.2519150E+00  0.1391813E-01  0.1816370E+00  0.2083277E+01       201  0.1321189E+00
  0.2774049E+02  0.2094251E+00  0.2108483E-01  0.1826258E+00  0.3054100E+01       101  0.1310938E+00
  0.3957979E+02  0.1705975E+00  0.4716160E-01  0.1877147E+00  0.2310723E-04        25  0.1323565E+00

#nxt
MIC2 MIC2 in Hellma 4mm TFS 37C
MIC2 Sun  fqt   vs   t/ns  1114611

parameter
q          0.1535651E+00
q_var      0.9712033E-03
q_unit_SI  0.1000000E+11
t_unit_SI  0.1000000E-08
temp       0.3035550E+03
numor1       11146
ref1         10770
bgr1         11123
withbgr          1
tfac_bgr  -0.1000000E+01
volfrac    0.7000000E+00
qbins           11
tbins           24
oor_cnt       2922
upd_cnt      25353

values
        tau/ns    S(q,t)/S(q)    err(sqt/sq)    var(sqt/sq)    var(tau)/ns   nupdates   Qeff/A**-1  
  0.3056418E-01  0.8723487E+00  0.4540371E-01  0.2218528E+00  0.6106026E-04        30  0.1562764E+00
  0.4681435E-01  0.8834688E+00  0.1988665E-01  0.1790954E+00  0.3781602E-02        72  0.1538423E+00
  0.6029221E-01  0.8400404E+00  0.3203630E-01  0.2046422E+00  0.3265099E-02        54  0.1538381E+00
  0.9180954E-01  0.8668669E+00  0.1993174E-01  0.1830534E+00  0.8152415E-02        87  0.1537889E+00
  0.1192464E+00  0.8111153E+00  0.3267754E-01  0.2344677E+00  0.7099929E-02        54  0.1537729E+00
  0.1798355E+00  0.8897600E+00  0.2163437E-01  0.1696847E+00  0.1725460E-01        64  0.1540239E+00
  0.2255690E+00  0.8099766E+00  0.2748210E-01  0.2299799E+00  0.2292769E-01        78  0.1532986E+00
  0.3096682E+00  0.7884596E+00  0.3813428E-01  0.2603077E+00  0.4724790E-02        48  0.1538538E+00
  0.4067207E+00  0.8353831E+00  0.2008807E-01  0.1693148E+00  0.4103022E-01        74  0.1539372E+00
  0.5785780E+00  0.7798248E+00  0.3031897E-01  0.2301548E+00  0.5997917E-01        68  0.1535225E+00
  0.8253461E+00  0.8070119E+00  0.1782808E-01  0.1597978E+00  0.8297146E-01        94  0.1538814E+00
  0.1372394E+01  0.6794397E+00  0.1728213E-01  0.1682743E+00  0.1165310E+00        88  0.1537919E+00
  0.1953226E+01  0.6402990E+00  0.2493613E-01  0.2293893E+00  0.2506339E+00        86  0.1536540E+00
  0.2868091E+01  0.5872354E+00  0.1753002E-01  0.1832217E+00  0.1688520E+00        91  0.1537048E+00
  0.4503296E+01  0.5125297E+00  0.1764902E-01  0.1655217E+00  0.4706069E+00       114  0.1534560E+00
  0.6742249E+01  0.4379194E+00  0.3044992E-01  0.2413200E+00  0.8041261E+00        97  0.1534922E+00
  0.9717177E+01  0.2918925E+00  0.2196148E-01  0.2006508E+00  0.6134667E+00       112  0.1538268E+00
  0.1408436E+02  0.2463457E+00  0.2279528E-01  0.2474377E+00  0.1020387E+01       148  0.1532333E+00
  0.2077896E+02  0.1435326E+00  0.2404588E-01  0.2363828E+00  0.2347325E+01       142  0.1532740E+00
  0.2723436E+02  0.1354359E+00  0.7325290E-01  0.4813668E+00  0.3093147E+01        56  0.1510364E+00
  0.3957979E+02  0.3102970E+00  0.6679563E+00  0.1492861E+01  0.0000000E+00        16  0.1513621E+00

#nxt
