VES1 VES1 in Hellma 4mm TFS 37C
VES1 Thu  fqt   vs   t/ns  1109601

parameter
q          0.3581755E-01
q_var      0.6265877E-03
q_unit_SI  0.1000000E+11
t_unit_SI  0.1000000E-08
temp       0.3035130E+03
numor1       11096
ref1         10770
bgr1         11122
withbgr          1
tfac_bgr  -0.1000000E+01
volfrac    0.7900000E+00
qbins            9
tbins           23
oor_cnt       5442
upd_cnt      25089

values
        tau/ns    S(q,t)/S(q)    err(sqt/sq)    var(sqt/sq)    var(tau)/ns   nupdates   Qeff/A**-1  
  0.3505363E-01  0.1000803E+01  0.2236391E-01  0.7797387E-01  0.4088320E-02        10  0.3686590E-01
  0.5137849E-01  0.9926472E+00  0.9356482E-02  0.5426439E-01  0.4969581E-02        30  0.3478717E-01
  0.9522591E-01  0.9862448E+00  0.8689345E-02  0.6970718E-01  0.9579711E-02        48  0.3491055E-01
  0.1452866E+00  0.1004203E+01  0.7461033E-02  0.6251224E-01  0.1046221E-01        86  0.3595603E-01
  0.2150996E+00  0.9843364E+00  0.5933749E-02  0.6661663E-01  0.2341188E-01       134  0.3532056E-01
  0.3553643E+00  0.9814268E+00  0.8076418E-02  0.8729025E-01  0.3802027E-01        84  0.3503882E-01
  0.4694205E+00  0.9912900E+00  0.8530963E-02  0.8083447E-01  0.2069724E-01        68  0.3584893E-01
  0.7197484E+00  0.9802896E+00  0.7705740E-02  0.8282591E-01  0.7653539E-01        84  0.3491049E-01
  0.9567183E+00  0.9316868E+00  0.7790650E-02  0.9485233E-01  0.7609113E-01        86  0.3586793E-01
  0.1405400E+01  0.9565809E+00  0.7507390E-02  0.8757641E-01  0.1048309E+00        84  0.3512310E-01
  0.1858137E+01  0.9944723E+00  0.7834553E-02  0.7330005E-01  0.1555326E+00        74  0.3563091E-01
  0.2806597E+01  0.9478004E+00  0.8091121E-02  0.1222065E+00  0.2204312E+00        82  0.3522175E-01
  0.3579859E+01  0.9804098E+00  0.8685181E-02  0.1044079E+00  0.7008345E-01        52  0.3570228E-01
  0.4775677E+01  0.9383579E+00  0.8575271E-02  0.1671285E+00  0.2927973E+00        96  0.3550622E-01
  0.6106095E+01  0.9775800E+00  0.8762653E-02  0.1221909E+00  0.4219439E+00        68  0.3589761E-01
  0.8917536E+01  0.9153539E+00  0.1250956E-01  0.1954881E+00  0.6806061E+00        67  0.3676006E-01
  0.1206468E+02  0.9813920E+00  0.9247873E-02  0.1728571E+00  0.9931464E+00       105  0.3632887E-01
  0.1761061E+02  0.9283268E+00  0.8201583E-02  0.2079665E+00  0.1821638E+01       189  0.3689996E-01
  0.2588236E+02  0.9438247E+00  0.8381902E-02  0.2137657E+00  0.2606977E+01       167  0.3644227E-01
  0.3422002E+02  0.8955253E+00  0.1050872E-01  0.2226797E+00  0.2203090E+01       175  0.3635406E-01
  0.4605750E+02  0.9039527E+00  0.1011160E-01  0.2317440E+00  0.5203800E+01       220  0.3600534E-01
  0.6794550E+02  0.8260188E+00  0.1428774E-01  0.2635833E+00  0.7127708E+01       212  0.3613358E-01
  0.9730660E+02  0.7908483E+00  0.4445747E-01  0.3680592E+00  0.7448610E+01        69  0.3629135E-01

#nxt
VES1 VES1 in Hellma 4mm TFS 37C
VES1 Thu  fqt   vs   t/ns  1109602

parameter
q          0.4920929E-01
q_var      0.4659853E-03
q_unit_SI  0.1000000E+11
t_unit_SI  0.1000000E-08
temp       0.3035130E+03
numor1       11096
ref1         10770
bgr1         11122
withbgr          1
tfac_bgr  -0.1000000E+01
volfrac    0.7900000E+00
qbins            9
tbins           23
oor_cnt       5442
upd_cnt      25089

values
        tau/ns    S(q,t)/S(q)    err(sqt/sq)    var(sqt/sq)    var(tau)/ns   nupdates   Qeff/A**-1  
  0.3538118E-01  0.1010781E+01  0.1849205E-01  0.7736566E-01  0.4035302E-02        18  0.4845183E-01
  0.5257367E-01  0.1026966E+01  0.8347928E-02  0.6941897E-01  0.5721488E-02        50  0.4855599E-01
  0.9317335E-01  0.1003911E+01  0.7354208E-02  0.6646765E-01  0.1081585E-01        76  0.4879968E-01
  0.1451303E+00  0.1007109E+01  0.6705495E-02  0.7344886E-01  0.1230996E-01       108  0.4970197E-01
  0.2152114E+00  0.9893916E+00  0.5645627E-02  0.6995805E-01  0.2397254E-01       148  0.4911309E-01
  0.3548133E+00  0.9796840E+00  0.6983514E-02  0.8011696E-01  0.3636293E-01       110  0.4882672E-01
  0.4710858E+00  0.9897291E+00  0.8008738E-02  0.7517029E-01  0.2096547E-01        72  0.4977754E-01
  0.7138241E+00  0.9931640E+00  0.6912090E-02  0.8816630E-01  0.7491118E-01       110  0.4853585E-01
  0.9520905E+00  0.9633891E+00  0.7551640E-02  0.9127789E-01  0.6702283E-01        88  0.4949880E-01
  0.1386388E+01  0.9985005E+00  0.6689911E-02  0.7460971E-01  0.1126331E+00       108  0.4872122E-01
  0.1865345E+01  0.9938483E+00  0.7330983E-02  0.7089949E-01  0.1645698E+00        86  0.4963092E-01
  0.2769583E+01  0.9957418E+00  0.6983587E-02  0.9130527E-01  0.2463964E+00       106  0.4881236E-01
  0.3607970E+01  0.9844595E+00  0.8017661E-02  0.9542474E-01  0.9533827E-01        60  0.4960824E-01
  0.4781265E+01  0.9961622E+00  0.7486181E-02  0.1338364E+00  0.2339891E+00       114  0.4885744E-01
  0.6060555E+01  0.9897101E+00  0.8240876E-02  0.1052581E+00  0.3448987E+00        73  0.4951678E-01
  0.8915660E+01  0.9691366E+00  0.8575412E-02  0.1622911E+00  0.7813139E+00       100  0.4951718E-01
  0.1200480E+02  0.9635866E+00  0.7862529E-02  0.1632319E+00  0.8913820E+00       112  0.4946417E-01
  0.1728998E+02  0.9443788E+00  0.6279130E-02  0.2168130E+00  0.1910169E+01       217  0.4977918E-01
  0.2533907E+02  0.9711317E+00  0.7029568E-02  0.2054553E+00  0.2461634E+01       223  0.4936368E-01
  0.3359836E+02  0.9490504E+00  0.8107874E-02  0.2396854E+00  0.2698695E+01       296  0.4997483E-01
  0.4606365E+02  0.9275415E+00  0.8505834E-02  0.2430944E+00  0.5350303E+01       332  0.4945875E-01
  0.6751438E+02  0.8876342E+00  0.1253965E-01  0.2888008E+00  0.7151674E+01       320  0.4930882E-01
  0.9692443E+02  0.8667246E+00  0.5107788E-01  0.4380553E+00  0.7265795E+01        94  0.4853866E-01

#nxt
VES1 VES1 in Hellma 4mm TFS 37C
VES1 Thu  fqt   vs   t/ns  1109603

parameter
q          0.5980289E-01
q_var      0.4504868E-03
q_unit_SI  0.1000000E+11
t_unit_SI  0.1000000E-08
temp       0.3035130E+03
numor1       11096
ref1         10770
bgr1         11122
withbgr          1
tfac_bgr  -0.1000000E+01
volfrac    0.7900000E+00
qbins            9
tbins           23
oor_cnt       5442
upd_cnt      25089

values
        tau/ns    S(q,t)/S(q)    err(sqt/sq)    var(sqt/sq)    var(tau)/ns   nupdates   Qeff/A**-1  
  0.3841809E-01  0.9877118E+00  0.9459128E-02  0.7991559E-01  0.4367011E-02        50  0.6060013E-01
  0.5331473E-01  0.1026893E+01  0.6808464E-02  0.6499126E-01  0.6051531E-02        88  0.5937762E-01
  0.9095990E-01  0.1014779E+01  0.5667490E-02  0.5751994E-01  0.1083868E-01       132  0.5995049E-01
  0.1461925E+00  0.9901875E+00  0.5634138E-02  0.6694461E-01  0.1554310E-01       170  0.5993673E-01
  0.2123128E+00  0.1008615E+01  0.5537377E-02  0.7343594E-01  0.2488178E-01       174  0.5942717E-01
  0.3499801E+00  0.9726749E+00  0.5622191E-02  0.1125560E+00  0.3498901E-01       158  0.5977018E-01
  0.4737806E+00  0.9880961E+00  0.7867996E-02  0.8987942E-01  0.2429017E-01        94  0.5936029E-01
  0.7040755E+00  0.9918026E+00  0.5487483E-02  0.1008312E+00  0.7021080E-01       158  0.5973324E-01
  0.9563237E+00  0.9844833E+00  0.7392172E-02  0.9858414E-01  0.7757470E-01       122  0.5947729E-01
  0.1361759E+01  0.1004695E+01  0.5406155E-02  0.8294731E-01  0.1165910E+00       144  0.5966939E-01
  0.1905490E+01  0.9886185E+00  0.7221144E-02  0.9052023E-01  0.1893311E+00       118  0.5964115E-01
  0.2743007E+01  0.9760234E+00  0.5575421E-02  0.1181129E+00  0.2542927E+00       146  0.5966062E-01
  0.3710808E+01  0.9615397E+00  0.7646493E-02  0.1550891E+00  0.1838419E+00       101  0.5969664E-01
  0.4770553E+01  0.9814210E+00  0.6471305E-02  0.1367359E+00  0.2055551E+00       135  0.5964382E-01
  0.6090112E+01  0.9839576E+00  0.9044857E-02  0.1715463E+00  0.2898791E+00        95  0.5926157E-01
  0.8848774E+01  0.9411579E+00  0.7338148E-02  0.2095944E+00  0.8066917E+00       147  0.6006380E-01
  0.1208624E+02  0.9531228E+00  0.8874573E-02  0.2242643E+00  0.8994228E+00       164  0.5902832E-01
  0.1698473E+02  0.9274757E+00  0.6391090E-02  0.2171818E+00  0.2021594E+01       307  0.5980337E-01
  0.2461123E+02  0.9050432E+00  0.8045627E-02  0.2419108E+00  0.1766086E+01       256  0.5955727E-01
  0.3319515E+02  0.9180499E+00  0.7371327E-02  0.2226422E+00  0.3032151E+01       330  0.6066836E-01
  0.4590931E+02  0.9238487E+00  0.9320550E-02  0.2397216E+00  0.5068789E+01       310  0.6056575E-01
  0.6765324E+02  0.8824689E+00  0.1409838E-01  0.3048511E+00  0.7552330E+01       288  0.6075633E-01
  0.9758760E+02  0.8413552E+00  0.4116637E-01  0.3658848E+00  0.7620077E+01        76  0.5981685E-01

#nxt
VES1 VES1 in Hellma 4mm TFS 37C
VES1 Thu  fqt   vs   t/ns  1109604

parameter
q          0.7076634E-01
q_var      0.4560755E-03
q_unit_SI  0.1000000E+11
t_unit_SI  0.1000000E-08
temp       0.3035130E+03
numor1       11096
ref1         10770
bgr1         11122
withbgr          1
tfac_bgr  -0.1000000E+01
volfrac    0.7900000E+00
qbins            9
tbins           23
oor_cnt       5442
upd_cnt      25089

values
        tau/ns    S(q,t)/S(q)    err(sqt/sq)    var(sqt/sq)    var(tau)/ns   nupdates   Qeff/A**-1  
  0.3981075E-01  0.9920860E+00  0.1449654E-01  0.1344540E+00  0.4105571E-02        74  0.7156648E-01
  0.5209052E-01  0.1019277E+01  0.1157503E-01  0.1214952E+00  0.5463150E-02       118  0.7075636E-01
  0.8967274E-01  0.9759928E+00  0.9417074E-02  0.1191708E+00  0.8669519E-02       150  0.7090574E-01
  0.1520501E+00  0.9442247E+00  0.1157458E-01  0.1609860E+00  0.1753014E-01       176  0.7100235E-01
  0.2052304E+00  0.9595200E+00  0.1144596E-01  0.1339168E+00  0.2086432E-01       139  0.7081781E-01
  0.3555631E+00  0.9026107E+00  0.9332649E-02  0.1625534E+00  0.3212115E-01       148  0.7098555E-01
  0.4829826E+00  0.9282389E+00  0.2285965E-01  0.2065844E+00  0.1996639E-01        82  0.7083676E-01
  0.7164875E+00  0.9919198E+00  0.9386596E-02  0.1285724E+00  0.6553883E-01       152  0.7101486E-01
  0.9673253E+00  0.9245899E+00  0.2066435E-01  0.1904675E+00  0.7051423E-01        98  0.7088835E-01
  0.1358707E+01  0.9635906E+00  0.9031808E-02  0.1171995E+00  0.1103108E+00       144  0.7086490E-01
  0.1945514E+01  0.9382410E+00  0.2075142E-01  0.2332696E+00  0.1984320E+00       100  0.7107087E-01
  0.2719324E+01  0.9175204E+00  0.9264495E-02  0.1895490E+00  0.2433333E+00       160  0.7079139E-01
  0.3966855E+01  0.9023785E+00  0.1655714E-01  0.2794219E+00  0.1979087E+00        92  0.7072054E-01
  0.4817535E+01  0.9135533E+00  0.1228271E-01  0.1898763E+00  0.8463185E-01       109  0.7066301E-01
  0.6117874E+01  0.9407568E+00  0.3005763E-01  0.2502789E+00  0.6105882E-01        72  0.7142818E-01
  0.8868524E+01  0.8959528E+00  0.1252726E-01  0.2407792E+00  0.8051894E+00       169  0.7066648E-01
  0.1220269E+02  0.8085391E+00  0.2315426E-01  0.3389869E+00  0.5178329E+00       135  0.7039091E-01
  0.1681493E+02  0.8724162E+00  0.1244086E-01  0.2641981E+00  0.2222388E+01       298  0.7089735E-01
  0.2420887E+02  0.8437404E+00  0.1877187E-01  0.3122983E+00  0.1082819E+01       203  0.7074430E-01
  0.3281860E+02  0.8263211E+00  0.1878670E-01  0.3307399E+00  0.2967649E+01       262  0.7110143E-01
  0.4757559E+02  0.8463431E+00  0.2450238E-01  0.4385036E+00  0.5426830E+01       189  0.7038361E-01
  0.6763171E+02  0.7684793E+00  0.3277673E-01  0.3533770E+00  0.6917466E+01       189  0.6938335E-01
  0.9465029E+02  0.8652831E+00  0.2038798E+00  0.8555395E+00  0.5569311E+01        50  0.6974533E-01

#nxt
VES1 VES1 in Hellma 4mm TFS 37C
VES1 Thu  fqt   vs   t/ns  1109605

parameter
q          0.8470120E-01
q_var      0.1023962E-02
q_unit_SI  0.1000000E+11
t_unit_SI  0.1000000E-08
temp       0.3035130E+03
numor1       11096
ref1         10770
bgr1         11122
withbgr          1
tfac_bgr  -0.1000000E+01
volfrac    0.7900000E+00
qbins            9
tbins           23
oor_cnt       5442
upd_cnt      25089

values
        tau/ns    S(q,t)/S(q)    err(sqt/sq)    var(sqt/sq)    var(tau)/ns   nupdates   Qeff/A**-1  
  0.4046325E-01  0.1041639E+01  0.1676194E-01  0.1350621E+00  0.3783594E-02        90  0.8491039E-01
  0.5256416E-01  0.1014938E+01  0.1705233E-01  0.1887298E+00  0.5684327E-02       124  0.8547128E-01
  0.8767203E-01  0.8978544E+00  0.1181244E-01  0.2536340E+00  0.7773200E-02       168  0.8505334E-01
  0.1542066E+00  0.9827019E+00  0.1491780E-01  0.1930077E+00  0.1753711E-01       178  0.8506931E-01
  0.2061454E+00  0.9414247E+00  0.1628855E-01  0.2009200E+00  0.2265948E-01       132  0.8573754E-01
  0.3511409E+00  0.9332710E+00  0.1251788E-01  0.1599413E+00  0.3079127E-01       168  0.8502732E-01
  0.4869521E+00  0.9619551E+00  0.3306202E-01  0.2421821E+00  0.4025620E-02        72  0.8501378E-01
  0.7064285E+00  0.9621138E+00  0.1203692E-01  0.1634448E+00  0.6273417E-01       166  0.8507921E-01
  0.9839587E+00  0.9524373E+00  0.2879115E-01  0.2516274E+00  0.8336219E-01        92  0.8528003E-01
  0.1342364E+01  0.9685174E+00  0.1233896E-01  0.1436876E+00  0.1065350E+00       146  0.8518377E-01
  0.1972002E+01  0.9538485E+00  0.2705815E-01  0.2482556E+00  0.2139086E+00       104  0.8535491E-01
  0.2676336E+01  0.9420596E+00  0.1259507E-01  0.1985464E+00  0.2343163E+00       162  0.8508728E-01
  0.4010037E+01  0.9873328E+00  0.1833739E-01  0.2377101E+00  0.1831013E+00       102  0.8491894E-01
  0.4806634E+01  0.9352125E+00  0.1946893E-01  0.2598521E+00  0.7667504E-01       114  0.8479243E-01
  0.6098822E+01  0.9185968E+00  0.3623252E-01  0.3021828E+00  0.5746286E-01        70  0.8590905E-01
  0.8615032E+01  0.8957882E+00  0.1604506E-01  0.3018850E+00  0.7112941E+00       190  0.8456975E-01
  0.1230189E+02  0.8556622E+00  0.2091393E-01  0.2663848E+00  0.4492194E+00       141  0.8481567E-01
  0.1741088E+02  0.7925950E+00  0.1606111E-01  0.3159928E+00  0.2193976E+01       321  0.8476507E-01
  0.2417430E+02  0.8323962E+00  0.3866399E-01  0.4792194E+00  0.1200571E+01       182  0.8434951E-01
  0.3318747E+02  0.7457787E+00  0.4138522E-01  0.5073727E+00  0.3471589E+01       236  0.8304235E-01
  0.4480934E+02  0.7559867E+00  0.1030405E+00  0.7975034E+00  0.4446134E+01       117  0.8102876E-01
  0.7120680E+02  0.2556688E+00  0.1543725E+00  0.9850082E+00  0.9023472E+01       113  0.8462090E-01
  0.9262374E+02  0.5826750E+00  0.1318472E+01  0.1119164E+01  0.1951899E-05         7  0.8304708E-01

#nxt
VES1 VES1 in Hellma 4mm TFS 37C
VES1 Thu  fqt   vs   t/ns  1109606

parameter
q          0.9805099E-01
q_var      0.1860542E-02
q_unit_SI  0.1000000E+11
t_unit_SI  0.1000000E-08
temp       0.3035130E+03
numor1       11096
ref1         10770
bgr1         11122
withbgr          1
tfac_bgr  -0.1000000E+01
volfrac    0.7900000E+00
qbins            9
tbins           23
oor_cnt       5442
upd_cnt      25089

values
        tau/ns    S(q,t)/S(q)    err(sqt/sq)    var(sqt/sq)    var(tau)/ns   nupdates   Qeff/A**-1  
  0.3997000E-01  0.1016214E+01  0.9921140E-02  0.1074557E+00  0.4444208E-02       110  0.9869051E-01
  0.5585634E-01  0.1015719E+01  0.1585402E-01  0.1589567E+00  0.6016803E-02       122  0.9808146E-01
  0.8497382E-01  0.1019522E+01  0.9948038E-02  0.1113983E+00  0.6262835E-02       156  0.9858747E-01
  0.1528861E+00  0.9984447E+00  0.9960289E-02  0.1466381E+00  0.1813372E-01       174  0.9890671E-01
  0.2147388E+00  0.9811656E+00  0.1427024E-01  0.1741089E+00  0.2753722E-01       130  0.9773579E-01
  0.3376631E+00  0.1010228E+01  0.1002127E-01  0.1240452E+00  0.2534803E-01       156  0.9849331E-01
  0.4849997E+00  0.9713335E+00  0.2053062E-01  0.1608992E+00  0.3228592E-02        74  0.9859144E-01
  0.6795551E+00  0.1004172E+01  0.9440999E-02  0.1192987E+00  0.5177395E-01       156  0.9850919E-01
  0.9889460E+00  0.1001001E+01  0.1715893E-01  0.1715392E+00  0.9889651E-01        97  0.9877807E-01
  0.1288553E+01  0.1001388E+01  0.9808720E-02  0.1074912E+00  0.8493513E-01       132  0.9850928E-01
  0.2013875E+01  0.9767032E+00  0.1593154E-01  0.1879681E+00  0.2308169E+00       118  0.9858308E-01
  0.2616496E+01  0.1016123E+01  0.9860188E-02  0.1360369E+00  0.2179625E+00       149  0.9870799E-01
  0.4031473E+01  0.1035902E+01  0.1201158E-01  0.1641959E+00  0.1643753E+00       100  0.9937593E-01
  0.4699562E+01  0.9896042E+00  0.2169461E-01  0.2445734E+00  0.1510686E+00        92  0.9700649E-01
  0.6064667E+01  0.9834707E+00  0.2444550E-01  0.2339392E+00  0.4779580E-01        72  0.9924963E-01
  0.8360003E+01  0.9846875E+00  0.1146934E-01  0.2429895E+00  0.5557709E+00       190  0.9928335E-01
  0.1224862E+02  0.1001349E+01  0.1360983E-01  0.2512831E+00  0.5423862E+00       150  0.9957776E-01
  0.1747951E+02  0.9387889E+00  0.1195963E-01  0.3357550E+00  0.2093777E+01       303  0.9951244E-01
  0.2473695E+02  0.5064792E+00  0.2906423E-01  0.5554875E+00  0.1041195E+01       138  0.9580847E-01
  0.3293062E+02  0.6638147E+00  0.4144232E-01  0.4398095E+00  0.3499346E+01       110  0.9952101E-01
  0.4633272E+02  0.1575333E-01  0.3081598E+00  0.5948994E+00  0.1074384E+01        18  0.9283594E-01
  0.6453897E+02  0.1670176E+00  0.3647342E+00  0.6222879E+00  0.4477107E+01        14  0.9277655E-01

#nxt
VES1 VES1 in Hellma 4mm TFS 37C
VES1 Thu  fqt   vs   t/ns  1109607

parameter
q          0.1107239E+00
q_var      0.2206723E-03
q_unit_SI  0.1000000E+11
t_unit_SI  0.1000000E-08
temp       0.3035130E+03
numor1       11096
ref1         10770
bgr1         11122
withbgr          1
tfac_bgr  -0.1000000E+01
volfrac    0.7900000E+00
qbins            9
tbins           23
oor_cnt       5442
upd_cnt      25089

values
        tau/ns    S(q,t)/S(q)    err(sqt/sq)    var(sqt/sq)    var(tau)/ns   nupdates   Qeff/A**-1  
  0.4085299E-01  0.1027440E+01  0.5089629E-02  0.5717146E-01  0.4511625E-02       104  0.1106844E+00
  0.5656873E-01  0.1000647E+01  0.9023462E-02  0.1089774E+00  0.5941426E-02       118  0.1107411E+00
  0.8549784E-01  0.1018963E+01  0.5205338E-02  0.7658266E-01  0.5834134E-02       146  0.1106333E+00
  0.1524470E+00  0.1018698E+01  0.5693113E-02  0.8914727E-01  0.1845275E-01       180  0.1109489E+00
  0.2048932E+00  0.1005983E+01  0.6877101E-02  0.7300672E-01  0.2886267E-01       130  0.1102852E+00
  0.3393747E+00  0.1014942E+01  0.5249173E-02  0.8099828E-01  0.2328628E-01       146  0.1106817E+00
  0.4854723E+00  0.1010370E+01  0.1133494E-01  0.1018686E+00  0.3455782E-02        82  0.1107661E+00
  0.6830459E+00  0.1013263E+01  0.5016918E-02  0.7019491E-01  0.4653777E-01       146  0.1106385E+00
  0.9945366E+00  0.1001003E+01  0.9191223E-02  0.9506530E-01  0.9932853E-01       102  0.1111160E+00
  0.1296001E+01  0.1016071E+01  0.5210599E-02  0.6136028E-01  0.7595726E-01       126  0.1105147E+00
  0.2001403E+01  0.1016825E+01  0.8902468E-02  0.1095506E+00  0.2282786E+00       120  0.1111594E+00
  0.2638414E+01  0.1025644E+01  0.5181901E-02  0.9867053E-01  0.1996162E+00       142  0.1105068E+00
  0.3992605E+01  0.1075455E+01  0.7448519E-02  0.1835813E+00  0.1823593E+00       106  0.1107225E+00
  0.4584450E+01  0.9888108E+00  0.8292635E-02  0.1377971E+00  0.1580703E+00        88  0.1103818E+00
  0.6063383E+01  0.9840807E+00  0.1396030E-01  0.2294166E+00  0.4567118E-01        82  0.1110438E+00
  0.8580696E+01  0.1000514E+01  0.6391650E-02  0.2232399E+00  0.5884450E+00       178  0.1107123E+00
  0.1263206E+02  0.9758331E+00  0.7631391E-02  0.2200474E+00  0.7258428E+00       159  0.1107366E+00
  0.1741234E+02  0.9583640E+00  0.7314979E-02  0.2462223E+00  0.1816148E+01       289  0.1106249E+00
  0.2278737E+02  0.9433173E+00  0.1410372E-01  0.2672995E+00  0.8371533E+00       122  0.1109267E+00
  0.3256607E+02  0.9259936E+00  0.4034822E-01  0.3796807E+00  0.3367247E+01       116  0.1106529E+00

#nxt
VES1 VES1 in Hellma 4mm TFS 37C
VES1 Thu  fqt   vs   t/ns  1109608

parameter
q          0.1219396E+00
q_var      0.5884144E-03
q_unit_SI  0.1000000E+11
t_unit_SI  0.1000000E-08
temp       0.3035130E+03
numor1       11096
ref1         10770
bgr1         11122
withbgr          1
tfac_bgr  -0.1000000E+01
volfrac    0.7900000E+00
qbins            9
tbins           23
oor_cnt       5442
upd_cnt      25089

values
        tau/ns    S(q,t)/S(q)    err(sqt/sq)    var(sqt/sq)    var(tau)/ns   nupdates   Qeff/A**-1  
  0.4002305E-01  0.1041080E+01  0.4052792E-02  0.4684918E-01  0.5360152E-02        84  0.1218450E+00
  0.5621691E-01  0.1024210E+01  0.5449459E-02  0.5953648E-01  0.5130083E-02       106  0.1216983E+00
  0.8805244E-01  0.1015180E+01  0.3766943E-02  0.8785769E-01  0.9332672E-02       132  0.1218949E+00
  0.1478571E+00  0.1021011E+01  0.4401087E-02  0.5559858E-01  0.1907140E-01       117  0.1218242E+00
  0.2081277E+00  0.1011562E+01  0.4518071E-02  0.5523300E-01  0.2709942E-01       118  0.1219210E+00
  0.3401591E+00  0.1017237E+01  0.4076997E-02  0.7378446E-01  0.2615978E-01       118  0.1218919E+00
  0.4701359E+00  0.1013056E+01  0.6541057E-02  0.1178692E+00  0.2528303E-01        66  0.1219381E+00
  0.6852153E+00  0.1015109E+01  0.3927271E-02  0.5883026E-01  0.5233140E-01       118  0.1217977E+00
  0.9507086E+00  0.1023657E+01  0.5666119E-02  0.7452327E-01  0.9897772E-01        82  0.1220167E+00
  0.1304485E+01  0.1023367E+01  0.4113324E-02  0.5148005E-01  0.8186941E-01       102  0.1216675E+00
  0.1910780E+01  0.1006341E+01  0.5360690E-02  0.7608030E-01  0.2548802E+00        90  0.1220241E+00
  0.2725127E+01  0.1018414E+01  0.3859869E-02  0.1169621E+00  0.2612667E+00       140  0.1216926E+00
  0.3940795E+01  0.1043076E+01  0.6766872E-02  0.1803638E+00  0.1838263E+00        60  0.1209804E+00
  0.4687349E+01  0.1006406E+01  0.5416919E-02  0.1353877E+00  0.2819698E+00        92  0.1224894E+00
  0.6067919E+01  0.9847022E+00  0.9946048E-02  0.2389608E+00  0.4701704E-01        52  0.1210295E+00
  0.8572499E+01  0.1003916E+01  0.5269133E-02  0.2122513E+00  0.6304524E+00       148  0.1218539E+00
  0.1244351E+02  0.9921583E+00  0.6807114E-02  0.2470553E+00  0.8481543E+00       122  0.1217112E+00
  0.1677365E+02  0.9581261E+00  0.6504913E-02  0.2808379E+00  0.1668659E+01       229  0.1217670E+00
  0.2317968E+02  0.9791441E+00  0.1037321E-01  0.2805840E+00  0.1030326E+01       113  0.1229196E+00
  0.3412771E+02  0.9067904E+00  0.1725558E-01  0.2621353E+00  0.3860780E+01        64  0.1238292E+00

#nxt
VES1 VES1 in Hellma 4mm TFS 37C
VES1 Thu  fqt   vs   t/ns  1109609

parameter
q          0.1329845E+00
q_var      0.5504836E-03
q_unit_SI  0.1000000E+11
t_unit_SI  0.1000000E-08
temp       0.3035130E+03
numor1       11096
ref1         10770
bgr1         11122
withbgr          1
tfac_bgr  -0.1000000E+01
volfrac    0.7900000E+00
qbins            9
tbins           23
oor_cnt       5442
upd_cnt      25089

values
        tau/ns    S(q,t)/S(q)    err(sqt/sq)    var(sqt/sq)    var(tau)/ns   nupdates   Qeff/A**-1  
  0.3881275E-01  0.1032973E+01  0.5021347E-02  0.5737231E-01  0.5758779E-02        88  0.1328436E+00
  0.5657012E-01  0.1027456E+01  0.4945419E-02  0.4772752E-01  0.5461802E-02        86  0.1331677E+00
  0.8958594E-01  0.1028104E+01  0.4478284E-02  0.5338325E-01  0.1022514E-01       112  0.1332982E+00
  0.1397001E+00  0.1009873E+01  0.4872287E-02  0.6333972E-01  0.1828099E-01       122  0.1324076E+00
  0.2147456E+00  0.1003795E+01  0.4544944E-02  0.5511763E-01  0.2696963E-01        94  0.1334661E+00
  0.3455325E+00  0.9965003E+00  0.4889835E-02  0.8818503E-01  0.3175294E-01       101  0.1330461E+00
  0.4747704E+00  0.9858862E+00  0.6090042E-02  0.7726316E-01  0.2420585E-01        62  0.1332598E+00
  0.6929972E+00  0.1003765E+01  0.4735094E-02  0.7593653E-01  0.6397907E-01       101  0.1329141E+00
  0.9442971E+00  0.1018231E+01  0.5656782E-02  0.5761552E-01  0.7602070E-01        82  0.1330546E+00
  0.1319155E+01  0.1016428E+01  0.4859861E-02  0.4741184E-01  0.1093190E+00        82  0.1329782E+00
  0.1913980E+01  0.1006843E+01  0.5130056E-02  0.8142498E-01  0.2425597E+00       102  0.1328291E+00
  0.2825581E+01  0.1016916E+01  0.4642102E-02  0.1167767E+00  0.2551277E+00        96  0.1332348E+00
  0.3792074E+01  0.9960420E+00  0.7086640E-02  0.1697661E+00  0.1249477E+00        84  0.1320119E+00
  0.4785059E+01  0.1019850E+01  0.5870588E-02  0.1554039E+00  0.2876026E+00        56  0.1338331E+00
  0.6109997E+01  0.9870958E+00  0.8339827E-02  0.1764392E+00  0.6153951E-01        52  0.1318246E+00
  0.8720422E+01  0.9820177E+00  0.5882275E-02  0.1964520E+00  0.7536118E+00       122  0.1326345E+00
  0.1214580E+02  0.9763289E+00  0.7056059E-02  0.2166120E+00  0.8574426E+00       121  0.1325662E+00
  0.1685157E+02  0.9592782E+00  0.6049462E-02  0.2290622E+00  0.1804612E+01       218  0.1326089E+00
  0.2366563E+02  0.9651278E+00  0.9419092E-02  0.2250735E+00  0.1492653E+01        86  0.1335373E+00
  0.3357793E+02  0.9051151E+00  0.1534884E-01  0.2572261E+00  0.3709100E+01        48  0.1341728E+00

#nxt
