VES2 VES2 in Hellma 4mm TFS 37C
VES2 Mon  fqt   vs   t/ns  1113801

parameter
q          0.3598961E-01
q_var      0.8057104E-03
q_unit_SI  0.1000000E+11
t_unit_SI  0.1000000E-08
temp       0.3035440E+03
numor1       11138
ref1         10770
bgr1         11123
withbgr          1
tfac_bgr  -0.1000000E+01
volfrac    0.7000000E+00
qbins           10
tbins           24
oor_cnt       7934
upd_cnt      31042

values
        tau/ns    S(q,t)/S(q)    err(sqt/sq)    var(sqt/sq)    var(tau)/ns   nupdates   Qeff/A**-1  
  0.3052567E-01  0.9810936E+00  0.2333141E-01  0.2910681E-01  0.0000000E+00         4  0.3759689E-01
  0.3870605E-01  0.1000208E+01  0.2416533E-01  0.1941211E-01  0.0000000E+00         4  0.3479874E-01
  0.5194899E-01  0.1008843E+01  0.7317745E-02  0.3791390E-01  0.4889842E-02        28  0.3516749E-01
  0.9623578E-01  0.1000241E+01  0.6913294E-02  0.4211558E-01  0.9503392E-02        44  0.3491016E-01
  0.1450403E+00  0.1020421E+01  0.6295495E-02  0.5735771E-01  0.1176690E-01        74  0.3580922E-01
  0.2142957E+00  0.9968071E+00  0.4979618E-02  0.5265659E-01  0.2303934E-01       116  0.3553310E-01
  0.3011338E+00  0.9995046E+00  0.9719700E-02  0.6548747E-01  0.3195441E-01        56  0.3559155E-01
  0.4240503E+00  0.1004198E+01  0.5836648E-02  0.5084429E-01  0.4391349E-01        62  0.3533573E-01
  0.5643519E+00  0.1011279E+01  0.8270605E-02  0.7307414E-01  0.7370227E-01        76  0.3579977E-01
  0.8659116E+00  0.9966121E+00  0.5078036E-02  0.5193109E-01  0.8934457E-01        90  0.3534575E-01
  0.1381892E+01  0.9913458E+00  0.6099498E-02  0.5700622E-01  0.1227799E+00        78  0.3510685E-01
  0.1839731E+01  0.9977214E+00  0.6236089E-02  0.5872886E-01  0.1737361E+00        80  0.3571842E-01
  0.3096557E+01  0.9855473E+00  0.5169148E-02  0.6084276E-01  0.3975715E+00        94  0.3555650E-01
  0.4568277E+01  0.9622663E+00  0.6053943E-02  0.8023631E-01  0.5234251E+00       117  0.3557308E-01
  0.6140782E+01  0.9536428E+00  0.7157577E-02  0.7154526E-01  0.3879630E+00        60  0.3570462E-01
  0.8994511E+01  0.9537160E+00  0.9729754E-02  0.9723244E-01  0.6995935E+00        64  0.3697177E-01
  0.1188734E+02  0.9506035E+00  0.7817176E-02  0.6923512E-01  0.6911439E+00        77  0.3610553E-01
  0.1715524E+02  0.9298178E+00  0.6423191E-02  0.8655111E-01  0.1706329E+01       171  0.3680073E-01
  0.2601425E+02  0.9296758E+00  0.6122769E-02  0.8111376E-01  0.2939388E+01       193  0.3629241E-01
  0.3481883E+02  0.9060288E+00  0.8778955E-02  0.9084787E-01  0.1704918E+01       134  0.3629519E-01
  0.4370289E+02  0.8998576E+00  0.8942677E-02  0.1101434E+00  0.3506323E+01       202  0.3635164E-01
  0.5893012E+02  0.8789466E+00  0.9792150E-02  0.1073939E+00  0.5452991E+01       176  0.3661532E-01
  0.7999973E+02  0.8328065E+00  0.1612978E-01  0.1810621E+00  0.6119840E+01       144  0.3670432E-01
  0.1101886E+03  0.7586901E+00  0.6314408E-01  0.2454225E+00  0.1172059E-01        28  0.3806576E-01

#nxt
VES2 VES2 in Hellma 4mm TFS 37C
VES2 Mon  fqt   vs   t/ns  1113802

parameter
q          0.4721247E-01
q_var      0.4969054E-03
q_unit_SI  0.1000000E+11
t_unit_SI  0.1000000E-08
temp       0.3035440E+03
numor1       11138
ref1         10770
bgr1         11123
withbgr          1
tfac_bgr  -0.1000000E+01
volfrac    0.7000000E+00
qbins           10
tbins           24
oor_cnt       7934
upd_cnt      31042

values
        tau/ns    S(q,t)/S(q)    err(sqt/sq)    var(sqt/sq)    var(tau)/ns   nupdates   Qeff/A**-1  
  0.3052567E-01  0.1007845E+01  0.2528238E-01  0.7054286E-01  0.0000000E+00         8  0.4773408E-01
  0.3870605E-01  0.1006366E+01  0.2161288E-01  0.6206242E-01  0.0000000E+00        10  0.4534488E-01
  0.5229824E-01  0.1024085E+01  0.7366118E-02  0.4654900E-01  0.5169366E-02        46  0.4761809E-01
  0.9459781E-01  0.1005993E+01  0.6421193E-02  0.5348322E-01  0.1098752E-01        70  0.4742157E-01
  0.1462133E+00  0.1016749E+01  0.5917270E-02  0.6369324E-01  0.1190897E-01        98  0.4722649E-01
  0.2130223E+00  0.9940444E+00  0.4940853E-02  0.6472019E-01  0.2366932E-01       128  0.4737094E-01
  0.2999376E+00  0.1004026E+01  0.8615878E-02  0.7648767E-01  0.2988405E-01        78  0.4703832E-01
  0.4212994E+00  0.1013221E+01  0.5696192E-02  0.4931692E-01  0.4492921E-01        70  0.4743268E-01
  0.5679442E+00  0.1014592E+01  0.7612967E-02  0.8131077E-01  0.7048265E-01       102  0.4708691E-01
  0.8641470E+00  0.9992942E+00  0.4984361E-02  0.4969713E-01  0.9230733E-01       108  0.4739281E-01
  0.1360341E+01  0.9998417E+00  0.5776604E-02  0.6085149E-01  0.1238611E+00       104  0.4730334E-01
  0.1845793E+01  0.9838292E+00  0.6007211E-02  0.5765444E-01  0.1791176E+00        96  0.4702229E-01
  0.3046661E+01  0.9757921E+00  0.4840736E-02  0.5154859E-01  0.4217791E+00       114  0.4735560E-01
  0.4549002E+01  0.9553532E+00  0.5408274E-02  0.7498043E-01  0.5079234E+00       147  0.4730069E-01
  0.6137213E+01  0.9637810E+00  0.6639207E-02  0.5291451E-01  0.3756096E+00        71  0.4715730E-01
  0.8944624E+01  0.9335806E+00  0.7359222E-02  0.7962718E-01  0.7745819E+00        91  0.4798726E-01
  0.1194393E+02  0.9260245E+00  0.6537500E-02  0.7085413E-01  0.7268807E+00        92  0.4709664E-01
  0.1714550E+02  0.9180747E+00  0.5128336E-02  0.8143989E-01  0.1823260E+01       211  0.4775423E-01
  0.2581691E+02  0.8825623E+00  0.4973648E-02  0.9628024E-01  0.2846434E+01       333  0.4749660E-01
  0.3433113E+02  0.8444345E+00  0.7082995E-02  0.1118573E+00  0.2088169E+01       289  0.4725549E-01
  0.4340561E+02  0.8152380E+00  0.7393426E-02  0.1394090E+00  0.3464478E+01       398  0.4715197E-01
  0.5892455E+02  0.7703045E+00  0.8798076E-02  0.1506435E+00  0.5418948E+01       359  0.4727966E-01
  0.7975579E+02  0.7061248E+00  0.1556630E-01  0.2051469E+00  0.5719360E+01       254  0.4681790E-01
  0.1102410E+03  0.4483552E+00  0.8285034E-01  0.3706713E+00  0.6191405E-01        44  0.4645357E-01

#nxt
VES2 VES2 in Hellma 4mm TFS 37C
VES2 Mon  fqt   vs   t/ns  1113803

parameter
q          0.5852990E-01
q_var      0.4441296E-03
q_unit_SI  0.1000000E+11
t_unit_SI  0.1000000E-08
temp       0.3035440E+03
numor1       11138
ref1         10770
bgr1         11123
withbgr          1
tfac_bgr  -0.1000000E+01
volfrac    0.7000000E+00
qbins           10
tbins           24
oor_cnt       7934
upd_cnt      31042

values
        tau/ns    S(q,t)/S(q)    err(sqt/sq)    var(sqt/sq)    var(tau)/ns   nupdates   Qeff/A**-1  
  0.3052567E-01  0.9865260E+00  0.2026782E-01  0.3280856E-01  0.0000000E+00        10  0.5933640E-01
  0.3871072E-01  0.9967330E+00  0.1677824E-01  0.5428384E-01  0.8962276E-05        16  0.5943144E-01
  0.5262020E-01  0.1010788E+01  0.6166981E-02  0.4347604E-01  0.5403127E-02        66  0.5888739E-01
  0.9394804E-01  0.1010126E+01  0.5931034E-02  0.5281064E-01  0.9993673E-02        82  0.5883013E-01
  0.1432115E+00  0.9972875E+00  0.6418745E-02  0.7403921E-01  0.1423333E-01       114  0.5836423E-01
  0.2078145E+00  0.9976042E+00  0.5491065E-02  0.6328876E-01  0.2118850E-01       124  0.5843089E-01
  0.2900552E+00  0.9998856E+00  0.8748129E-02  0.8404353E-01  0.3131788E-01        90  0.5862410E-01
  0.4079061E+00  0.1010538E+01  0.6075918E-02  0.5157145E-01  0.3691518E-01        72  0.5851348E-01
  0.5575225E+00  0.9966464E+00  0.7650437E-02  0.7706012E-01  0.6786019E-01       113  0.5865909E-01
  0.8492319E+00  0.9926195E+00  0.5063409E-02  0.6302266E-01  0.8830530E-01       120  0.5851998E-01
  0.1386455E+01  0.9912373E+00  0.5577035E-02  0.6320227E-01  0.1219226E+00       110  0.5863592E-01
  0.1883350E+01  0.9870863E+00  0.6905491E-02  0.7214447E-01  0.2130893E+00       108  0.5826991E-01
  0.2975156E+01  0.9755853E+00  0.5262232E-02  0.5779195E-01  0.3563713E+00       115  0.5855995E-01
  0.4538915E+01  0.9576790E+00  0.5531668E-02  0.7528244E-01  0.5089424E+00       162  0.5871716E-01
  0.6100431E+01  0.9147356E+00  0.8662151E-02  0.8730097E-01  0.2718197E+00        77  0.5799332E-01
  0.9020629E+01  0.9212858E+00  0.7388663E-02  0.9050268E-01  0.8485539E+00        99  0.5921201E-01
  0.1192591E+02  0.8871282E+00  0.8744842E-02  0.1025653E+00  0.7554085E+00       100  0.5784729E-01
  0.1693897E+02  0.8632819E+00  0.6116644E-02  0.1001718E+00  0.2059263E+01       228  0.5883385E-01
  0.2657926E+02  0.8188930E+00  0.6204733E-02  0.1197524E+00  0.2855561E+01       356  0.5857649E-01
  0.3430520E+02  0.7838809E+00  0.7502573E-02  0.1336881E+00  0.2209568E+01       340  0.5854630E-01
  0.4374131E+02  0.7399447E+00  0.7770162E-02  0.1511104E+00  0.3542997E+01       508  0.5830086E-01
  0.5906367E+02  0.6843427E+00  0.9265646E-02  0.1812997E+00  0.5313868E+01       443  0.5813582E-01
  0.8076447E+02  0.6754344E+00  0.1617887E-01  0.2445410E+00  0.6547420E+01       297  0.5799434E-01
  0.1098033E+03  0.5896843E+00  0.6293723E-01  0.4378075E+00  0.2883407E+01        68  0.5749726E-01

#nxt
VES2 VES2 in Hellma 4mm TFS 37C
VES2 Mon  fqt   vs   t/ns  1113804

parameter
q          0.6999691E-01
q_var      0.5028525E-03
q_unit_SI  0.1000000E+11
t_unit_SI  0.1000000E-08
temp       0.3035440E+03
numor1       11138
ref1         10770
bgr1         11123
withbgr          1
tfac_bgr  -0.1000000E+01
volfrac    0.7000000E+00
qbins           10
tbins           24
oor_cnt       7934
upd_cnt      31042

values
        tau/ns    S(q,t)/S(q)    err(sqt/sq)    var(sqt/sq)    var(tau)/ns   nupdates   Qeff/A**-1  
  0.3053248E-01  0.9656908E+00  0.1880349E-01  0.7000654E-01  0.8770852E-05        14  0.6997969E-01
  0.3871493E-01  0.1030355E+01  0.1851260E-01  0.1005589E+00  0.1074363E-04        20  0.7127457E-01
  0.5254303E-01  0.1022994E+01  0.6341681E-02  0.5887376E-01  0.5358185E-02        80  0.7013287E-01
  0.9253737E-01  0.1001454E+01  0.6033146E-02  0.6031093E-01  0.9797813E-02       110  0.7004514E-01
  0.1425682E+00  0.9814617E+00  0.7732843E-02  0.8707112E-01  0.1655946E-01       114  0.7006593E-01
  0.2021086E+00  0.1014865E+01  0.6827789E-02  0.8028691E-01  0.1644280E-01        92  0.6968035E-01
  0.2929176E+00  0.9853519E+00  0.8903445E-02  0.8572749E-01  0.3043959E-01        78  0.7055489E-01
  0.3925823E+00  0.9984177E+00  0.7170431E-02  0.7036963E-01  0.1638616E-01        72  0.6975026E-01
  0.5653917E+00  0.1008764E+01  0.8232081E-02  0.7520268E-01  0.6765469E-01        98  0.7030664E-01
  0.8313626E+00  0.9904665E+00  0.5923662E-02  0.7016462E-01  0.8130208E-01       115  0.6992341E-01
  0.1388424E+01  0.9848837E+00  0.5736216E-02  0.6733004E-01  0.1184660E+00       110  0.6996214E-01
  0.1956425E+01  0.9827276E+00  0.9700686E-02  0.9738582E-01  0.2218241E+00        80  0.7032031E-01
  0.2824932E+01  0.9645188E+00  0.5939879E-02  0.7377608E-01  0.2666483E+00       120  0.6966748E-01
  0.4568430E+01  0.9443509E+00  0.5780399E-02  0.1008117E+00  0.4729543E+00       170  0.7005485E-01
  0.6117735E+01  0.9349629E+00  0.1387457E-01  0.1085244E+00  0.6896638E-01        50  0.7038179E-01
  0.8999248E+01  0.9158427E+00  0.7238824E-02  0.9718935E-01  0.8972927E+00       126  0.7004701E-01
  0.1203650E+02  0.8649218E+00  0.1345492E-01  0.1286316E+00  0.4726132E+00        92  0.7002467E-01
  0.1675004E+02  0.8291162E+00  0.6520987E-02  0.1009112E+00  0.2146991E+01       236  0.7014136E-01
  0.2672763E+02  0.7581621E+00  0.6150548E-02  0.1213218E+00  0.2925021E+01       427  0.7026260E-01
  0.3447472E+02  0.7089030E+00  0.7621188E-02  0.1433317E+00  0.2131503E+01       437  0.7016258E-01
  0.4327765E+02  0.6511479E+00  0.7686294E-02  0.1644333E+00  0.3380160E+01       567  0.6999132E-01
  0.5879837E+02  0.6079506E+00  0.8913020E-02  0.1611229E+00  0.5403120E+01       471  0.6966856E-01
  0.7844445E+02  0.5248834E+00  0.1751488E-01  0.2480737E+00  0.4101051E+01       274  0.6907947E-01
  0.1042308E+03  0.3871130E+00  0.6357790E-01  0.3467859E+00  0.8119607E+01        61  0.6844800E-01

#nxt
VES2 VES2 in Hellma 4mm TFS 37C
VES2 Mon  fqt   vs   t/ns  1113805

parameter
q          0.8130121E-01
q_var      0.4231889E-03
q_unit_SI  0.1000000E+11
t_unit_SI  0.1000000E-08
temp       0.3035440E+03
numor1       11138
ref1         10770
bgr1         11123
withbgr          1
tfac_bgr  -0.1000000E+01
volfrac    0.7000000E+00
qbins           10
tbins           24
oor_cnt       7934
upd_cnt      31042

values
        tau/ns    S(q,t)/S(q)    err(sqt/sq)    var(sqt/sq)    var(tau)/ns   nupdates   Qeff/A**-1  
  0.3053366E-01  0.1009371E+01  0.2143858E-01  0.1213896E+00  0.8990667E-05        18  0.8080941E-01
  0.3871584E-01  0.1003607E+01  0.2170061E-01  0.1024506E+00  0.1087873E-04        16  0.8234352E-01
  0.5223561E-01  0.1028460E+01  0.6534088E-02  0.7331517E-01  0.5299681E-02       102  0.8139152E-01
  0.9326487E-01  0.1002707E+01  0.6524377E-02  0.5753443E-01  0.8399983E-02       101  0.8132283E-01
  0.1399450E+00  0.9708399E+00  0.9286904E-02  0.9070019E-01  0.1708114E-01       100  0.8137748E-01
  0.2008690E+00  0.1003800E+01  0.7129491E-02  0.6237196E-01  0.1475024E-01        70  0.8124920E-01
  0.2890018E+00  0.1000255E+01  0.1059783E-01  0.1057624E+00  0.3188560E-01        82  0.8160832E-01
  0.3902935E+00  0.1013150E+01  0.7738359E-02  0.6819718E-01  0.2501771E-02        52  0.8134370E-01
  0.5582097E+00  0.9799028E+00  0.9297811E-02  0.8960232E-01  0.6798153E-01        99  0.8145709E-01
  0.8246188E+00  0.9908370E+00  0.6256631E-02  0.6152405E-01  0.7640978E-01       102  0.8127546E-01
  0.1408070E+01  0.9886343E+00  0.6293878E-02  0.7024004E-01  0.1084549E+00       102  0.8133580E-01
  0.1962093E+01  0.9710128E+00  0.1123081E-01  0.9548460E-01  0.2057925E+00        66  0.8176523E-01
  0.2851954E+01  0.9533901E+00  0.6030039E-02  0.8214571E-01  0.1999547E+00       128  0.8131782E-01
  0.4567282E+01  0.9319440E+00  0.5988188E-02  0.9382255E-01  0.4757445E+00       193  0.8150329E-01
  0.6130979E+01  0.9431408E+00  0.1549653E-01  0.1364120E+00  0.5239444E-01        60  0.8163543E-01
  0.9080351E+01  0.8781069E+00  0.7836996E-02  0.9991311E-01  0.8775418E+00       138  0.8092353E-01
  0.1204851E+02  0.8443269E+00  0.1589136E-01  0.1101124E+00  0.3532830E+00        73  0.8175728E-01
  0.1660918E+02  0.7923995E+00  0.7131718E-02  0.1171254E+00  0.2141032E+01       243  0.8141362E-01
  0.2605304E+02  0.7197228E+00  0.8229865E-02  0.1443535E+00  0.2665236E+01       392  0.8152400E-01
  0.3386379E+02  0.6280488E+00  0.9828886E-02  0.1713797E+00  0.2369267E+01       385  0.8124171E-01
  0.4387610E+02  0.5877320E+00  0.1062490E-01  0.1866078E+00  0.3656143E+01       486  0.8103668E-01
  0.5872851E+02  0.4926042E+00  0.1509971E-01  0.2394724E+00  0.5073846E+01       404  0.8082806E-01
  0.7893445E+02  0.4776030E+00  0.3129520E-01  0.3055181E+00  0.4820894E+01       211  0.8057069E-01
  0.9985439E+02  0.3545680E+00  0.7604981E-01  0.3403559E+00  0.8219587E+01        44  0.8019743E-01

#nxt
VES2 VES2 in Hellma 4mm TFS 37C
VES2 Mon  fqt   vs   t/ns  1113806

parameter
q          0.9225873E-01
q_var      0.6786884E-03
q_unit_SI  0.1000000E+11
t_unit_SI  0.1000000E-08
temp       0.3035440E+03
numor1       11138
ref1         10770
bgr1         11123
withbgr          1
tfac_bgr  -0.1000000E+01
volfrac    0.7000000E+00
qbins           10
tbins           24
oor_cnt       7934
upd_cnt      31042

values
        tau/ns    S(q,t)/S(q)    err(sqt/sq)    var(sqt/sq)    var(tau)/ns   nupdates   Qeff/A**-1  
  0.3053591E-01  0.1025775E+01  0.2254172E-01  0.1079297E+00  0.8872394E-05        20  0.9226333E-01
  0.3871570E-01  0.9997180E+00  0.1980959E-01  0.1197085E+00  0.1147590E-04        30  0.9303714E-01
  0.5237563E-01  0.1006462E+01  0.7601875E-02  0.7815322E-01  0.5411002E-02       112  0.9252211E-01
  0.9187056E-01  0.9974751E+00  0.7508476E-02  0.7345885E-01  0.9005246E-02       118  0.9236656E-01
  0.1415445E+00  0.9901422E+00  0.1016763E-01  0.1036796E+00  0.1693260E-01       106  0.9273641E-01
  0.2022530E+00  0.1008196E+01  0.8552415E-02  0.9186933E-01  0.1674898E-01        82  0.9219965E-01
  0.2923924E+00  0.9850651E+00  0.1140650E-01  0.1282382E+00  0.3002857E-01        86  0.9284892E-01
  0.3895961E+00  0.1013562E+01  0.9305393E-02  0.9129019E-01  0.2810906E-02        62  0.9211421E-01
  0.5630521E+00  0.9931558E+00  0.1012282E-01  0.1131445E+00  0.6715773E-01       106  0.9270408E-01
  0.8243393E+00  0.1006976E+01  0.7585613E-02  0.8306375E-01  0.7590976E-01       112  0.9237116E-01
  0.1391469E+01  0.9759907E+00  0.7119616E-02  0.7439033E-01  0.1182202E+00       118  0.9228911E-01
  0.2021370E+01  0.9668764E+00  0.1106695E-01  0.1144832E+00  0.2301746E+00       107  0.9291791E-01
  0.2834724E+01  0.9443070E+00  0.6768832E-02  0.9405732E-01  0.2094304E+00       152  0.9236717E-01
  0.4542243E+01  0.9177277E+00  0.6650626E-02  0.1123264E+00  0.4678276E+00       222  0.9273941E-01
  0.6129807E+01  0.8859838E+00  0.1644889E-01  0.1534334E+00  0.5261582E-01        64  0.9246790E-01
  0.9016377E+01  0.8423233E+00  0.8418745E-02  0.1184179E+00  0.8718203E+00       184  0.9227266E-01
  0.1206374E+02  0.7852081E+00  0.1703431E-01  0.1598087E+00  0.3466437E+00        98  0.9262321E-01
  0.1643572E+02  0.7336270E+00  0.8340881E-02  0.1429025E+00  0.2059987E+01       319  0.9266078E-01
  0.2647143E+02  0.6213808E+00  0.8878199E-02  0.1854850E+00  0.2930827E+01       361  0.9221707E-01
  0.3409443E+02  0.5532400E+00  0.1086741E-01  0.1559568E+00  0.2316407E+01       299  0.9152226E-01
  0.4285592E+02  0.4508456E+00  0.1180030E-01  0.2343382E+00  0.2868206E+01       359  0.9139391E-01
  0.5748484E+02  0.4704011E+00  0.1560346E-01  0.1859994E+00  0.5265294E+01       261  0.9052537E-01
  0.7834583E+02  0.3256729E+00  0.4014541E-01  0.2961983E+00  0.3007093E+01       103  0.9026664E-01
  0.1029174E+03  0.1430330E+00  0.4130891E+00  0.1192652E+01  0.8447775E+01        30  0.9278251E-01

#nxt
VES2 VES2 in Hellma 4mm TFS 37C
VES2 Mon  fqt   vs   t/ns  1113807

parameter
q          0.1036417E+00
q_var      0.6788516E-03
q_unit_SI  0.1000000E+11
t_unit_SI  0.1000000E-08
temp       0.3035440E+03
numor1       11138
ref1         10770
bgr1         11123
withbgr          1
tfac_bgr  -0.1000000E+01
volfrac    0.7000000E+00
qbins           10
tbins           24
oor_cnt       7934
upd_cnt      31042

values
        tau/ns    S(q,t)/S(q)    err(sqt/sq)    var(sqt/sq)    var(tau)/ns   nupdates   Qeff/A**-1  
  0.3053768E-01  0.1030063E+01  0.2562435E-01  0.1814283E+00  0.8317183E-05        30  0.1035307E+00
  0.3871542E-01  0.1011283E+01  0.2879250E-01  0.1498689E+00  0.1195637E-04        26  0.1042536E+00
  0.5223753E-01  0.1011569E+01  0.9974336E-02  0.1024367E+00  0.5389096E-02        94  0.1037241E+00
  0.9212179E-01  0.1005235E+01  0.1026912E-01  0.1036372E+00  0.8673285E-02       114  0.1039398E+00
  0.1392217E+00  0.9830805E+00  0.1373971E-01  0.1512918E+00  0.1723603E-01       116  0.1042399E+00
  0.2036111E+00  0.1019117E+01  0.1110098E-01  0.9087617E-01  0.1866089E-01        76  0.1035931E+00
  0.2934494E+00  0.9822162E+00  0.1636504E-01  0.1601652E+00  0.2976086E-01        86  0.1046724E+00
  0.3883861E+00  0.1009194E+01  0.1228134E-01  0.7513231E-01  0.3023023E-02        46  0.1035930E+00
  0.5543454E+00  0.9742277E+00  0.1347793E-01  0.1425497E+00  0.6793225E-01       115  0.1043818E+00
  0.8260480E+00  0.1001256E+01  0.9925574E-02  0.9756144E-01  0.7592979E-01        94  0.1036556E+00
  0.1390391E+01  0.9637909E+00  0.9842246E-02  0.1141163E+00  0.1143558E+00       114  0.1039218E+00
  0.2004244E+01  0.9343321E+00  0.1373863E-01  0.1556561E+00  0.2285253E+00       114  0.1044345E+00
  0.2853147E+01  0.9601954E+00  0.8265505E-02  0.1118645E+00  0.1806752E+00       163  0.1036898E+00
  0.4555983E+01  0.8807830E+00  0.8224717E-02  0.1201375E+00  0.4504143E+00       200  0.1039486E+00
  0.6120668E+01  0.8028314E+00  0.1903880E-01  0.1474798E+00  0.5474978E-01        64  0.1035754E+00
  0.8974331E+01  0.7975750E+00  0.1028689E-01  0.1368830E+00  0.8541043E+00       186  0.1039101E+00
  0.1201698E+02  0.7113045E+00  0.1953094E-01  0.1739002E+00  0.3619913E+00        97  0.1038488E+00
  0.1653496E+02  0.6723652E+00  0.9338024E-02  0.1575654E+00  0.2094378E+01       287  0.1035852E+00
  0.2471642E+02  0.5851371E+00  0.1347207E-01  0.1880240E+00  0.1878908E+01       261  0.1032855E+00
  0.3245642E+02  0.4916759E+00  0.1990069E-01  0.2387926E+00  0.2089401E+01       230  0.1027748E+00
  0.4151232E+02  0.4248592E+00  0.2843900E-01  0.2906056E+00  0.2975323E+01       201  0.1030059E+00
  0.5862309E+02  0.2811105E+00  0.6620857E-01  0.5675691E+00  0.4955907E+01       148  0.1013344E+00
  0.7905069E+02  0.4916527E-01  0.2557160E+00  0.1043012E+01  0.3424186E+01        46  0.1028595E+00

#nxt
VES2 VES2 in Hellma 4mm TFS 37C
VES2 Mon  fqt   vs   t/ns  1113808

parameter
q          0.1153447E+00
q_var      0.5809928E-03
q_unit_SI  0.1000000E+11
t_unit_SI  0.1000000E-08
temp       0.3035440E+03
numor1       11138
ref1         10770
bgr1         11123
withbgr          1
tfac_bgr  -0.1000000E+01
volfrac    0.7000000E+00
qbins           10
tbins           24
oor_cnt       7934
upd_cnt      31042

values
        tau/ns    S(q,t)/S(q)    err(sqt/sq)    var(sqt/sq)    var(tau)/ns   nupdates   Qeff/A**-1  
  0.3054127E-01  0.8725482E+00  0.3459587E-01  0.1606469E+00  0.5726585E-05        24  0.1157624E+00
  0.3871614E-01  0.9996582E+00  0.3755477E-01  0.2327896E+00  0.1229194E-04        20  0.1151977E+00
  0.5254121E-01  0.1007420E+01  0.1279504E-01  0.1500650E+00  0.5772635E-02       122  0.1149836E+00
  0.9186996E-01  0.1011565E+01  0.1282902E-01  0.1305363E+00  0.8438156E-02       108  0.1150042E+00
  0.1407453E+00  0.9481472E+00  0.1702214E-01  0.2135302E+00  0.1705941E-01       133  0.1160618E+00
  0.1996962E+00  0.1032891E+01  0.1456280E-01  0.1174399E+00  0.1586496E-01        72  0.1148828E+00
  0.2880184E+00  0.9258607E+00  0.1852802E-01  0.2107037E+00  0.3177147E-01       110  0.1157317E+00
  0.3871029E+00  0.1012434E+01  0.1519664E-01  0.1156007E+00  0.3045599E-02        48  0.1146234E+00
  0.5556630E+00  0.9805277E+00  0.1741658E-01  0.2129563E+00  0.6739000E-01       134  0.1157894E+00
  0.8242903E+00  0.9640632E+00  0.1240016E-01  0.1386893E+00  0.8098659E-01       122  0.1149176E+00
  0.1383485E+01  0.9684953E+00  0.1224065E-01  0.1296901E+00  0.1113900E+00       108  0.1150838E+00
  0.2023223E+01  0.9570512E+00  0.1731525E-01  0.1908193E+00  0.2305288E+00       130  0.1162568E+00
  0.2843280E+01  0.9109433E+00  0.9037351E-02  0.1201151E+00  0.1730342E+00       168  0.1149431E+00
  0.4514392E+01  0.8643977E+00  0.9299392E-02  0.1433723E+00  0.4716056E+00       244  0.1150632E+00
  0.6128761E+01  0.8201795E+00  0.2280468E-01  0.2174724E+00  0.5211630E-01        96  0.1158781E+00
  0.9174000E+01  0.7172110E+00  0.1131685E-01  0.1548135E+00  0.7490410E+00       186  0.1153118E+00
  0.1204567E+02  0.6146466E+00  0.2190903E-01  0.2457544E+00  0.3639219E+00       122  0.1156152E+00
  0.1658208E+02  0.6313866E+00  0.1026033E-01  0.1813549E+00  0.2239303E+01       333  0.1150077E+00
  0.2408689E+02  0.5583212E+00  0.1878023E-01  0.2600912E+00  0.6533192E+00       269  0.1151746E+00
  0.3101742E+02  0.5223969E+00  0.4189574E-01  0.3512724E+00  0.4007543E+00       137  0.1146493E+00
  0.4000471E+02  0.4209737E+00  0.1099952E+00  0.7554602E+00  0.2066439E+01       105  0.1169680E+00
  0.5859331E+02 -0.1893758E+00  0.6612689E+00  0.1989756E+01  0.3421154E+01        31  0.1146772E+00

#nxt
VES2 VES2 in Hellma 4mm TFS 37C
VES2 Mon  fqt   vs   t/ns  1113809

parameter
q          0.1274525E+00
q_var      0.7171081E-03
q_unit_SI  0.1000000E+11
t_unit_SI  0.1000000E-08
temp       0.3035440E+03
numor1       11138
ref1         10770
bgr1         11123
withbgr          1
tfac_bgr  -0.1000000E+01
volfrac    0.7000000E+00
qbins           10
tbins           24
oor_cnt       7934
upd_cnt      31042

values
        tau/ns    S(q,t)/S(q)    err(sqt/sq)    var(sqt/sq)    var(tau)/ns   nupdates   Qeff/A**-1  
  0.3054325E-01  0.1077247E+01  0.5354071E-01  0.1565035E+00  0.5494827E-06        18  0.1270572E+00
  0.4333550E-01  0.9760846E+00  0.2943862E-01  0.1949259E+00  0.3531643E-02        56  0.1268947E+00
  0.5214155E-01  0.9950669E+00  0.2028468E-01  0.2135173E+00  0.5605996E-02       104  0.1268718E+00
  0.9151161E-01  0.9467488E+00  0.1789426E-01  0.2882763E+00  0.7623886E-02       133  0.1270830E+00
  0.1389245E+00  0.9682721E+00  0.2592314E-01  0.2240510E+00  0.1693434E-01       104  0.1278308E+00
  0.1975824E+00  0.9852407E+00  0.1952740E-01  0.1685348E+00  0.1823812E-01        98  0.1264178E+00
  0.2866640E+00  0.9622841E+00  0.2964530E-01  0.2288079E+00  0.3119110E-01        85  0.1272367E+00
  0.3802650E+00  0.9917696E+00  0.2154800E-01  0.1781840E+00  0.9938268E-02        80  0.1266910E+00
  0.5533510E+00  0.9542612E+00  0.2621291E-01  0.2347683E+00  0.6683181E-01       104  0.1274478E+00
  0.8126472E+00  0.9418953E+00  0.1755650E-01  0.1995812E+00  0.8835308E-01       128  0.1269830E+00
  0.1376421E+01  0.9499538E+00  0.1735832E-01  0.1927234E+00  0.1027185E+00       136  0.1270459E+00
  0.1994584E+01  0.9233131E+00  0.2363224E-01  0.2137272E+00  0.2258614E+00       112  0.1278802E+00
  0.2856094E+01  0.9236993E+00  0.1386617E-01  0.1886094E+00  0.1369147E+00       170  0.1274729E+00
  0.4488982E+01  0.7955204E+00  0.1502372E-01  0.2185442E+00  0.4592359E+00       230  0.1277177E+00
  0.6104023E+01  0.7395539E+00  0.3774396E-01  0.2455756E+00  0.5432780E-01        66  0.1283631E+00
  0.9047541E+01  0.6594516E+00  0.1915593E-01  0.2272151E+00  0.7678051E+00       198  0.1279710E+00
  0.1194605E+02  0.6764107E+00  0.4283754E-01  0.3214209E+00  0.3453420E+00       100  0.1287912E+00
  0.1626844E+02  0.6086718E+00  0.2104693E-01  0.3038941E+00  0.2154167E+01       343  0.1287257E+00
  0.2422546E+02  0.4846641E+00  0.3988660E-01  0.4045166E+00  0.1447556E+01       174  0.1287120E+00
  0.3151182E+02  0.3797751E+00  0.9220083E-01  0.4951239E+00  0.1774330E+00        44  0.1267188E+00
  0.3943077E+02  0.4022474E+00  0.1340212E+00  0.3768049E+00  0.2580971E-02        28  0.1265910E+00

#nxt
VES2 VES2 in Hellma 4mm TFS 37C
VES2 Mon  fqt   vs   t/ns  1113810

parameter
q          0.1388813E+00
q_var      0.7011568E-03
q_unit_SI  0.1000000E+11
t_unit_SI  0.1000000E-08
temp       0.3035440E+03
numor1       11138
ref1         10770
bgr1         11123
withbgr          1
tfac_bgr  -0.1000000E+01
volfrac    0.7000000E+00
qbins           10
tbins           24
oor_cnt       7934
upd_cnt      31042

values
        tau/ns    S(q,t)/S(q)    err(sqt/sq)    var(sqt/sq)    var(tau)/ns   nupdates   Qeff/A**-1  
  0.3052430E-01  0.6951094E+00  0.6784238E-01  0.4444836E+00  0.3125278E-04        28  0.1390284E+00
  0.4392029E-01  0.9499751E+00  0.3934212E-01  0.2720832E+00  0.3325389E-02        54  0.1394647E+00
  0.5327017E-01  0.9471253E+00  0.3128459E-01  0.2786943E+00  0.6116366E-02        90  0.1387950E+00
  0.8943126E-01  0.9776184E+00  0.2630434E-01  0.2810763E+00  0.7983426E-02       120  0.1389977E+00
  0.1426900E+00  0.9152700E+00  0.3836883E-01  0.3999089E+00  0.1663425E-01       114  0.1386880E+00
  0.1956502E+00  0.1064997E+01  0.3038241E-01  0.2731816E+00  0.1918811E-01        86  0.1391328E+00
  0.2943802E+00  0.9209186E+00  0.4383222E-01  0.3816414E+00  0.2989349E-01        86  0.1384747E+00
  0.3778942E+00  0.1032158E+01  0.3135527E-01  0.2318458E+00  0.1039075E-01        58  0.1391919E+00
  0.5596209E+00  0.8565317E+00  0.3707302E-01  0.3815798E+00  0.6838059E-01       114  0.1384214E+00
  0.8070405E+00  0.9789517E+00  0.2593062E-01  0.2687727E+00  0.8803880E-01       110  0.1392905E+00
  0.1361029E+01  0.9838871E+00  0.2610615E-01  0.2631989E+00  0.1019152E+00       120  0.1390335E+00
  0.2038786E+01  0.8472053E+00  0.3603790E-01  0.3737637E+00  0.2363068E+00       122  0.1387760E+00
  0.2803355E+01  0.9110036E+00  0.2202513E-01  0.2405467E+00  0.1902710E+00       158  0.1388958E+00
  0.4502348E+01  0.7605682E+00  0.2570282E-01  0.2988488E+00  0.4220258E+00       188  0.1393807E+00
  0.6095727E+01  0.5958006E+00  0.6608148E-01  0.4610329E+00  0.5175807E-01        68  0.1398581E+00
  0.8700189E+01  0.6867447E+00  0.3410833E-01  0.3949987E+00  0.7902816E+00       177  0.1399549E+00
  0.1202981E+02  0.4451577E+00  0.5762884E-01  0.4236457E+00  0.3383915E+00       103  0.1393078E+00
  0.1625984E+02  0.5276457E+00  0.3311930E-01  0.4415939E+00  0.1914219E+01       298  0.1391916E+00
  0.2423603E+02  0.3937067E+00  0.5426747E-01  0.5712887E+00  0.1972621E+01       138  0.1384049E+00
  0.3155581E+02  0.5193048E+00  0.1142824E+00  0.6323160E+00  0.2630799E-01        40  0.1372188E+00
  0.3943070E+02  0.4019197E+00  0.1234107E+00  0.5201520E+00  0.6116637E-03        26  0.1369999E+00

#nxt
